left
-0.3255153,1.254947,0.7016488
0,0,0
0.0009210881,0.01162457,-0.0001401219
0.001373067,0.02169275,-0.001354774
0.002561326,0.03195727,-0.002209074
0.003455064,0.04156828,-0.003838215
0.004956076,0.05154073,-0.006046581
0.004956076,0.05154073,-0.006046581
0.008096496,0.06729078,-0.009545371
0.01000866,0.07552266,-0.01186655
0.01000866,0.07552266,-0.01186655
0.01422779,0.08984423,-0.01670175
0.0163706,0.09693193,-0.01967498
0.01848106,0.102067,-0.0222095
0.02111448,0.1074028,-0.02519168
0.02363153,0.1119616,-0.0280539
0.02611259,0.1157808,-0.03113616
0.02861752,0.1188719,-0.03410445
0.0315402,0.1205415,-0.03737831
0.0315402,0.1205415,-0.03737831
0.03652457,0.1237366,-0.04387688
0.0387789,0.1228217,-0.04756917
0.04112983,0.1233943,-0.05118559
0.04368833,0.1210741,-0.05594795
0.04368833,0.1210741,-0.05594795
0.04736592,0.1162567,-0.06449879
0.04958244,0.1123217,-0.06908911
0.0515548,0.1070223,-0.0741334
0.0515548,0.1070223,-0.0741334
0.05592922,0.09290385,-0.08363847
0.05707778,0.0857048,-0.08710096
0.06017331,0.07288218,-0.09430201
0.06251754,0.06003463,-0.1007063
0.06564754,0.04658675,-0.1076836
0.06900279,0.02987683,-0.1150923
0.07356355,0.01419139,-0.1232338
0.07792218,-0.002526641,-0.1312141
0.08347245,-0.02125669,-0.140182
0.08999389,-0.04087329,-0.14903
0.09735389,-0.06283426,-0.1588901
0.1062855,-0.08908057,-0.1697564
0.1157541,-0.1166042,-0.181676
0.1274667,-0.1458292,-0.1924455
0.141385,-0.1765769,-0.2027526
0.159814,-0.2109449,-0.2128282
0.1784646,-0.2443962,-0.2231905
0.2007457,-0.277234,-0.2306731
0.224121,-0.3096007,-0.2377907
0.2516488,-0.3418808,-0.2423483
0.282004,-0.3735622,-0.2449307
0.3145498,-0.4014698,-0.2432707
0.3512363,-0.4297999,-0.2374739
0.3807672,-0.453042,-0.2345687
0.4131915,-0.4732925,-0.2253482
0.443764,-0.4891109,-0.2143241
0.469118,-0.5011173,-0.2049018
0.4979415,-0.5128338,-0.1922345
0.5260809,-0.5235084,-0.1786324
0.5505147,-0.5306991,-0.1660633
0.5766941,-0.537443,-0.1526033
0.6004172,-0.5422015,-0.140644
0.6247858,-0.5431077,-0.126157
0.6473587,-0.5455961,-0.1136689
0.6668754,-0.5470862,-0.1023819
0.6860407,-0.5454007,-0.08878446
0.7021582,-0.5435184,-0.07755878
0.7147032,-0.5386846,-0.06712268
0.7269032,-0.5353907,-0.0580477
0.7383356,-0.5314938,-0.04908141
0.748055,-0.5276265,-0.04175691
0.7568171,-0.5237437,-0.03490346
0.7637378,-0.5200933,-0.02911623
0.7705732,-0.5165817,-0.02396919
0.7731075,-0.5135112,-0.02089272
0.779907,-0.5100528,-0.0148308
0.7818282,-0.5076934,-0.01174513
0.782339,-0.5061252,-0.009804095
0.7827044,-0.5050495,-0.007012177
0.7815396,-0.5045187,-0.006005451
0.782317,-0.5033902,-0.003320252
0.7809412,-0.5032384,-0.002285638
0.779895,-0.5037408,-0.001437898
0.7761357,-0.505653,-0.001760049
0.774659,-0.5059761,-0.000360769
0.7717435,-0.5074067,-0.0001572347
0.7684052,-0.5094289,-1.012325E-08
right
0.07020438,1.06881,0.581727
0,0,0
-0.0003961869,-0.0009038448,0.0001983549
-0.001582737,-0.001060724,0.0002026256
-0.002110121,-0.0007755756,0.0008755602
-0.002586,-0.0008599758,0.001188745
-0.003490384,-0.0002447367,0.001355823
-0.003490384,-0.0002447367,0.001355823
-0.005239254,-0.001210928,0.000459008
-0.006519313,-0.001371741,-0.0001889332
-0.006519313,-0.001371741,-0.0001889332
-0.009268684,-0.001213789,-0.001859566
-0.01051997,-0.0009382963,-0.00352224
-0.01107936,-0.0004296303,-0.005825655
-0.01218929,0.0001320839,-0.007315788
-0.01259945,0.002451539,-0.01004293
-0.01307045,0.004745603,-0.01296488
-0.01290059,0.006594658,-0.01653711
-0.01305741,0.009149671,-0.02074877
-0.01305741,0.009149671,-0.02074877
-0.01304655,0.01593375,-0.03006425
-0.01317907,0.02025259,-0.03523196
-0.01313238,0.02497447,-0.04076397
-0.0126973,0.03180909,-0.04844197
-0.0126973,0.03180909,-0.04844197
-0.0114713,0.0455482,-0.06137675
-0.01035976,0.05422556,-0.06859174
-0.009107254,0.0643177,-0.07601391
-0.009107254,0.0643177,-0.07601391
-0.006572449,0.08547592,-0.08938094
-0.005125496,0.09718108,-0.0939776
-0.003200006,0.116051,-0.1024483
-0.001528205,0.1334703,-0.1088794
8.559705E-05,0.1499414,-0.1150101
0.001787899,0.173283,-0.1192953
0.003518628,0.1954615,-0.1241072
0.005120191,0.2195966,-0.1279303
0.007648602,0.2452954,-0.1320974
0.01109755,0.2725809,-0.1353795
0.01522938,0.302201,-0.1375554
0.02034848,0.3341756,-0.1377742
0.02752986,0.3701693,-0.1312914
0.03466629,0.4040968,-0.1247417
0.04126263,0.436856,-0.1134734
0.05022575,0.4706825,-0.09631357
0.05713994,0.4988387,-0.08263621
0.06535759,0.5262101,-0.06062186
0.07164536,0.549006,-0.03895465
0.07842834,0.5713389,-0.02139139
0.08287945,0.5875998,-0.0001822466
0.08593148,0.6005023,0.01768963
0.08771998,0.6130875,0.03294557
0.08582075,0.619621,0.04119376
0.08360249,0.6273822,0.04572621
0.08134449,0.6352029,0.0453063
0.07795265,0.6441706,0.04136682
0.07901079,0.6530396,0.03713401
0.08113421,0.6616746,0.03098907
0.0835354,0.6675662,0.0289973
0.0859701,0.6714572,0.02698491
0.08930042,0.6707566,0.02534283
0.09188376,0.6652682,0.02417573
0.09441844,0.6613055,0.02334948
0.09496598,0.6579896,0.02153438
0.09626947,0.6540672,0.01884637
0.09558409,0.6519268,0.01595009
0.09463066,0.6501225,0.0128422
0.09489096,0.6471798,0.01026028
0.09369685,0.6453358,0.007813311
0.09320626,0.6432242,0.005890559
0.09240087,0.6413476,0.004256347
0.09175926,0.6396586,0.003154886
0.0916974,0.6382569,0.002675175
0.09118565,0.6368572,0.002143837
0.0908375,0.635796,0.001278302
0.09026832,0.6346552,0.001125773
0.08950377,0.6332773,0.0008519783
0.08984464,0.6310649,0.001044406
0.08948103,0.6299652,0.001267186
0.08943488,0.6289527,0.001035504
0.08943253,0.6280578,0.001116771
0.08944212,0.626976,0.001093921
0.09138524,0.6272349,0.001064739
0.09177873,0.6267648,0.001002913
0.09215944,0.6265469,0.0007063613
0.0920679,0.6266026,-6.55529E-11
