left
-0.4046649,0.7073621,0.04402
0,0,0
0.00711159,0.0009744763,0.0007014381
0.01460463,0.002057731,0.001318266
0.02188093,0.002950191,0.00255586
0.02932568,0.004110873,0.003152764
0.03684491,0.005523026,0.004042662
0.04441067,0.006922066,0.004567368
0.05209989,0.008433044,0.005085184
0.065431,0.01124352,0.005827812
0.065431,0.01124352,0.005827812
0.07594025,0.01401293,0.005736546
0.08269566,0.01578104,0.005894269
0.09004164,0.0177803,0.005856697
0.09752527,0.01992369,0.005858686
0.1049104,0.02214283,0.005762088
0.1122358,0.02454358,0.005354972
0.1193765,0.02703571,0.004927631
0.1265873,0.02943295,0.00449424
0.1334174,0.0321328,0.003742262
0.1402533,0.0348627,0.003007876
0.1469698,0.03786141,0.00179657
0.1535399,0.04079032,0.0007496034
0.1597161,0.04374021,-0.0005667333
0.165765,0.04658854,-0.001695778
0.1717864,0.0493989,-0.002760953
0.1775587,0.05231041,-0.004056776
0.1830142,0.05507457,-0.005165001
0.1882346,0.05795979,-0.006451809
0.1929824,0.06050062,-0.007488189
0.198073,0.06318814,-0.008579358
0.2025422,0.06573534,-0.009710887
0.2065434,0.06799489,-0.01074046
0.2110548,0.07062304,-0.01181801
0.2142417,0.07248193,-0.01273115
0.2175702,0.07452589,-0.0136183
0.2208082,0.07645535,-0.0146578
0.2237124,0.07824367,-0.01556314
0.2263817,0.07986146,-0.0164437
0.2284043,0.08111382,-0.01735844
0.2308147,0.0825904,-0.01809971
0.2322939,0.08349085,-0.01891077
0.2342634,0.08472651,-0.01982339
0.2354944,0.08554935,-0.0204437
0.2361471,0.08597457,-0.02124419
0.2369087,0.0865047,-0.02170336
0.2373427,0.08679873,-0.02236895
0.2375514,0.08708954,-0.0231525
0.2374654,0.08708876,-0.0237479
0.2371258,0.08692628,-0.02446505
0.2364131,0.08649576,-0.02480269
0.235508,0.08594882,-0.02524064
0.2340601,0.08512419,-0.02564745
0.2330022,0.08448398,-0.02605884
0.2313217,0.08344305,-0.02652661
0.2286185,0.08184999,-0.0265341
0.2267338,0.08072436,-0.02684905
0.2243562,0.07918578,-0.02683166
0.2213081,0.07735503,-0.0268457
0.2184167,0.07583815,-0.02679618
0.2152003,0.07397211,-0.02664099
0.2121633,0.07224596,-0.02655326
0.2082494,0.06998682,-0.02621646
0.2047037,0.06796408,-0.02594609
0.2003191,0.06554437,-0.02541114
0.196029,0.06316739,-0.02490587
0.1918879,0.06075978,-0.02430082
0.1872303,0.05824667,-0.02370784
0.181784,0.05546939,-0.02275193
0.1769794,0.0530538,-0.02217342
0.1717089,0.05046582,-0.02158894
0.1663115,0.04759294,-0.02066923
0.160743,0.04496169,-0.02007282
0.1548368,0.04245472,-0.01961222
0.1489375,0.03982133,-0.01904948
0.1429119,0.03722394,-0.01848707
0.1366017,0.03461111,-0.01814729
0.1303701,0.03209239,-0.01765079
0.123996,0.02960676,-0.0171894
0.1176004,0.02718204,-0.016722
0.111148,0.02483249,-0.01618968
0.1049541,0.02245045,-0.0157131
0.09822354,0.02022952,-0.01532779
0.09173772,0.01798332,-0.01490543
0.08518254,0.01590455,-0.01456777
0.07868729,0.01394212,-0.01420877
0.07203265,0.01195949,-0.01383377
0.06543077,0.01019108,-0.0134066
0.0592233,0.008556604,-0.01320763
0.05306225,0.007057965,-0.01292792
0.04682028,0.00553596,-0.01266625
0.04060135,0.004016936,-0.01240768
0.03495063,0.002866089,-0.01247481
0.02925938,0.001709282,-0.01230947
0.02384755,0.0007351637,-0.01222017
0.01817808,-0.0004032254,-0.01211229
0.01300412,-0.001281261,-0.01209987
0.00810898,-0.002071261,-0.01220398
0.003316861,-0.002771974,-0.01230458
-0.00103788,-0.00329411,-0.01251532
-0.005296064,-0.00373739,-0.01267812
-0.009394387,-0.004208148,-0.01291933
-0.01333988,-0.004641294,-0.01309787
-0.01726577,-0.005081177,-0.01332347
-0.02025571,-0.005269825,-0.01366074
-0.02329684,-0.005528569,-0.01368128
-0.0261188,-0.00571543,-0.01383024
-0.0287529,-0.005910099,-0.01407988
-0.03109761,-0.006077647,-0.0143128
-0.03323391,-0.00622499,-0.01453466
-0.03455719,-0.00626874,-0.01474976
-0.0364848,-0.006411672,-0.01495209
-0.03785236,-0.006477296,-0.01513868
-0.03843172,-0.006450713,-0.01527357
-0.03915682,-0.006426573,-0.015137
-0.03959544,-0.006398678,-0.01519397
-0.03984678,-0.006353915,-0.01495565
-0.03975274,-0.006311953,-0.0148517
-0.03939379,-0.006269574,-0.01467218
-0.03884692,-0.006178141,-0.01443986
-0.03797004,-0.006129324,-0.01415634
-0.03646864,-0.00598526,-0.01362358
-0.03543601,-0.005920887,-0.01334772
-0.03379059,-0.00579375,-0.01302237
-0.03190165,-0.005607605,-0.01253239
-0.02976738,-0.005393386,-0.01227084
-0.02740518,-0.005046189,-0.01194039
-0.02484829,-0.004723966,-0.01178006
-0.02168844,-0.004213929,-0.01170909
-0.01852457,-0.003823817,-0.01160759
-0.01568564,-0.003466427,-0.01158234
-0.0126645,-0.003146052,-0.01106798
-0.008899548,-0.002664566,-0.01114332
-0.005318042,-0.002257049,-0.01102741
-0.001575647,-0.001788437,-0.01108868
0.002378511,-0.001282275,-0.01117941
0.006414761,-0.000797689,-0.01139385
0.01066569,-0.0002044439,-0.01149879
0.01494335,0.0004729033,-0.01141942
0.01955041,0.001182616,-0.01151412
0.02392651,0.001844764,-0.01159287
0.02842338,0.002665281,-0.01154317
0.03317224,0.003491163,-0.01166345
0.03801533,0.004402637,-0.01201292
0.0428647,0.005318701,-0.01221079
0.04766672,0.006213546,-0.01207984
0.05257839,0.007203639,-0.01228278
0.05748001,0.00824964,-0.01250219
0.06239281,0.00933218,-0.01260078
0.06745123,0.01051545,-0.01285775
0.07239976,0.01198226,-0.01345373
0.07732265,0.01328534,-0.0137928
0.08226182,0.01457632,-0.01412872
0.08727913,0.01605964,-0.01452708
0.0921684,0.01760358,-0.01504954
0.09700196,0.01918483,-0.01565324
0.1017253,0.02077323,-0.01591459
0.1064282,0.02231741,-0.01647575
0.1110332,0.02397501,-0.01723317
0.1154723,0.0256089,-0.01786776
0.1199611,0.02721423,-0.01858785
0.1242525,0.02893072,-0.01928209
0.1286323,0.03072006,-0.02027431
0.1328443,0.03241581,-0.02103873
0.1370009,0.03415239,-0.02191036
0.1409928,0.03583896,-0.02283676
0.1446743,0.03753984,-0.02386987
0.1483633,0.0391286,-0.02485592
0.1519094,0.04074627,-0.02593605
0.155173,0.04244286,-0.02715569
0.1583671,0.04401326,-0.02839368
0.1615844,0.04563308,-0.02950782
0.1641791,0.0469923,-0.03093024
0.1667837,0.04833454,-0.03232497
0.1690994,0.04947591,-0.03360453
0.171317,0.05061251,-0.03500373
0.173358,0.05184293,-0.03641252
0.1752259,0.05284929,-0.03785888
0.1769385,0.05384505,-0.03936153
0.1783649,0.05496848,-0.04098332
0.1797279,0.05583876,-0.04247286
0.1811398,0.05674297,-0.04418937
0.1819529,0.05720919,-0.04539274
0.182816,0.0578205,-0.04665817
0.1836783,0.05856037,-0.04759755
0.1842584,0.05895209,-0.04859968
0.1844846,0.05922312,-0.04963315
0.1847063,0.05942917,-0.05046302
0.1843807,0.059416,-0.05121409
0.1842619,0.05943811,-0.05189174
0.1843059,0.05945122,-0.05248351
0.1835376,0.05910027,-0.05287381
0.1832457,0.05894578,-0.05323483
0.1824969,0.05858541,-0.05357144
0.1812934,0.05804241,-0.05381878
0.1801625,0.05756533,-0.05401302
0.1787966,0.05692053,-0.0542779
0.1774569,0.05619657,-0.05434386
0.175745,0.05564749,-0.05460915
0.1737243,0.05458134,-0.05479271
0.1719112,0.05372936,-0.05499081
0.1693176,0.05263656,-0.05511428
0.1672873,0.05156493,-0.05538033
0.1643147,0.05010593,-0.05525596
0.1616293,0.04875487,-0.05541273
0.1587578,0.04742938,-0.05536929
0.1557306,0.04594076,-0.05542363
0.1524362,0.04432994,-0.05509676
0.149102,0.04275215,-0.05492146
0.1458885,0.04126382,-0.05476458
0.1421965,0.03967249,-0.05444197
0.1384818,0.03803813,-0.05419147
0.1349588,0.03650212,-0.05390156
0.130952,0.03493851,-0.05331666
0.1270957,0.03341663,-0.0530672
0.1235897,0.03203958,-0.05253751
0.119701,0.03064257,-0.05205954
0.1157796,0.02922696,-0.05129048
0.1119417,0.0279457,-0.05063737
0.1081441,0.02661824,-0.05012823
0.104028,0.02540022,-0.04940774
0.09999111,0.02413768,-0.04875967
0.09581422,0.02292508,-0.04811309
0.09174313,0.02180362,-0.04748151
0.087759,0.02074999,-0.04679108
0.08368684,0.0198459,-0.04607526
0.07988384,0.01876122,-0.04548602
0.07562059,0.01795292,-0.04484516
0.0716229,0.01710588,-0.04429185
0.06780074,0.01634198,-0.0438234
0.0639613,0.01575327,-0.04323916
0.06010751,0.01504713,-0.04274776
0.05650843,0.01459932,-0.04219697
0.0531962,0.01408058,-0.04168434
0.04978072,0.01357353,-0.04120443
0.04656173,0.01311612,-0.04067617
0.04348747,0.01267523,-0.04020219
0.04060774,0.0123986,-0.0397233
0.03787366,0.01214713,-0.03918397
0.03531786,0.01194829,-0.03864799
0.03322604,0.01180887,-0.03810772
0.03100319,0.01166356,-0.03759554
0.02874175,0.01151943,-0.0370435
0.02725177,0.0115568,-0.03646339
0.02570191,0.01160437,-0.03582949
0.02431865,0.0116334,-0.03528918
0.0231249,0.01162821,-0.03460975
0.02214114,0.01170552,-0.03409804
0.02134172,0.01180881,-0.03361119
0.02080311,0.01212764,-0.03320071
0.02063235,0.01232278,-0.03271309
0.02009773,0.01243192,-0.03215005
0.02027137,0.01263636,-0.03164193
0.02009737,0.01280642,-0.03114746
0.02059216,0.0130403,-0.0306974
0.02096714,0.01326054,-0.03029445
0.02145652,0.01354313,-0.0299167
0.02209629,0.01380241,-0.0296304
0.02285036,0.01410854,-0.02931225
0.02399183,0.0144887,-0.02920317
0.02479406,0.01478666,-0.02906125
0.0259018,0.01523727,-0.02906045
0.02736227,0.01570886,-0.02918342
0.02883717,0.01615816,-0.02934224
0.03039091,0.01663888,-0.0294975
0.03175559,0.01706553,-0.02962302
0.03360379,0.01760656,-0.03009721
0.03538322,0.01813281,-0.03043628
0.03724075,0.01859874,-0.0305664
0.0391974,0.01917446,-0.03099769
0.04112448,0.01980639,-0.03143561
0.04339767,0.02046275,-0.03202555
0.04558638,0.02109665,-0.0325524
0.0479378,0.02171046,-0.03328354
0.05026881,0.02238566,-0.0338587
0.05258763,0.02315456,-0.0343007
0.05529957,0.02400064,-0.03509805
0.05751795,0.02480441,-0.03569474
0.05994383,0.02562279,-0.03646211
0.06319298,0.0267266,-0.03750012
0.06319298,0.0267266,-0.03750012
0.06694181,0.02809387,-0.03877704
0.06929407,0.02892399,-0.03948357
0.07165124,0.02977043,-0.04025143
0.07397301,0.0305776,-0.04103096
0.07629455,0.03144252,-0.04173293
0.07858276,0.03230244,-0.04241753
0.08083974,0.03325462,-0.0430625
0.08304798,0.03413171,-0.04370048
0.08523139,0.03502196,-0.04431816
0.08729602,0.03592575,-0.04486055
0.08922473,0.03680164,-0.04487532
0.09122917,0.03768337,-0.04543534
0.09317147,0.03855979,-0.04578567
0.09504678,0.03941703,-0.04624654
0.0968672,0.04027903,-0.0465946
0.09873514,0.04113603,-0.04704234
0.10029,0.04197246,-0.04747362
0.1018788,0.04279912,-0.04782391
0.1032925,0.04350066,-0.04819544
0.1048146,0.04427785,-0.0485446
0.1060918,0.04493308,-0.04885115
0.1072535,0.04561174,-0.04868367
0.1082592,0.04617172,-0.04879739
0.1093676,0.04678297,-0.04893753
0.1103586,0.0473237,-0.04906197
0.1111726,0.04777992,-0.04916646
0.1119427,0.04823774,-0.04944604
0.1125712,0.0486232,-0.0494459
0.1131344,0.0490725,-0.0494534
0.1137275,0.04948181,-0.04959367
0.1138692,0.04966015,-0.04946624
0.1140625,0.0498805,-0.04929191
0.1140365,0.05005693,-0.04921503
0.1140046,0.05021214,-0.04894099
0.1138275,0.05036253,-0.04880401
0.1135485,0.05042982,-0.04864274
0.1132115,0.05045801,-0.04862149
0.1125375,0.05043316,-0.04847103
0.1119609,0.05042142,-0.0483979
0.1112499,0.0503518,-0.04828578
0.1104428,0.05026406,-0.04822978
0.1095484,0.05015904,-0.04818998
0.1085408,0.05000722,-0.04818892
0.1074849,0.04982835,-0.04820272
0.1062202,0.0496403,-0.04825731
0.1049292,0.04945517,-0.04831915
0.103535,0.04928195,-0.04833363
0.1021791,0.04921997,-0.048445
0.1006984,0.04897416,-0.04858102
0.09893171,0.04872888,-0.04873494
0.09726278,0.04844916,-0.04884714
0.09560534,0.04820085,-0.04897984
0.09364629,0.04791373,-0.04916836
0.09171776,0.04760218,-0.04937453
0.08967511,0.04734039,-0.04961368
0.08759546,0.0469681,-0.04961822
0.08534728,0.04675525,-0.04989724
0.08303483,0.04642445,-0.05016755
0.08069696,0.04610717,-0.05051826
0.07820493,0.04589772,-0.05098472
0.07562164,0.04554665,-0.05150023
0.07301047,0.04519928,-0.05212721
0.06993623,0.04473335,-0.05274747
0.06771081,0.04444385,-0.05343249
0.06498042,0.04397446,-0.05415025
0.0621166,0.04345787,-0.05504955
0.05909583,0.04280114,-0.05609924
0.05594868,0.0420844,-0.05730416
0.05280936,0.04138136,-0.05849695
0.04965298,0.04065627,-0.0599023
0.04645817,0.03988886,-0.06112117
0.0431704,0.03898633,-0.06261423
0.03976161,0.03796983,-0.06403586
0.03643696,0.03704244,-0.06565581
0.03302046,0.03605235,-0.06714677
0.02967466,0.03509015,-0.06889193
0.02626184,0.03406715,-0.07050715
0.02283433,0.03303427,-0.07218191
0.01945939,0.03204983,-0.07396695
0.01604291,0.03088713,-0.07568787
0.01267262,0.0297786,-0.07756876
0.009619379,0.02935117,-0.07865745
0.006743927,0.02876389,-0.0802414
0.004008191,0.028126,-0.08143351
0.0005812467,0.02688855,-0.0833206
-0.002418004,0.02571207,-0.08555156
-0.005475869,0.02483016,-0.08754167
-0.00854015,0.02392936,-0.08948404
-0.01115027,0.02254254,-0.09141126
-0.01391777,0.02176487,-0.09353212
-0.01628229,0.02080697,-0.09521245
-0.01877024,0.02018511,-0.09732924
-0.02110932,0.01919782,-0.09877154
-0.02341593,0.01857245,-0.1005349
-0.02552405,0.01792455,-0.1014688
-0.0275845,0.01735932,-0.102969
-0.0295724,0.01684916,-0.1041021
-0.03155459,0.01636952,-0.1055221
-0.03291833,0.01612657,-0.1066612
-0.0344799,0.01581562,-0.1078053
-0.03556584,0.01564646,-0.1090362
-0.0368993,0.01537901,-0.1103313
-0.03782343,0.01516593,-0.1114027
-0.03866844,0.01495641,-0.1125171
-0.03929315,0.01492482,-0.1130619
-0.03963396,0.01478547,-0.1138516
-0.0400278,0.0146479,-0.1141906
-0.04049901,0.01447356,-0.1149512
-0.04046268,0.01433063,-0.1152604
-0.04043199,0.01416469,-0.1152424
-0.04026474,0.01410067,-0.1154895
-0.04002008,0.01398081,-0.1152276
-0.03956842,0.01398343,-0.1154035
-0.03898873,0.01400506,-0.1154283
-0.03830732,0.01396751,-0.1153671
-0.03736268,0.01396394,-0.1150588
-0.0367007,0.01394969,-0.1145281
-0.03565995,0.01394051,-0.1141176
-0.03449457,0.01391739,-0.113451
-0.03315432,0.01395547,-0.1129238
-0.03148456,0.0140236,-0.1123203
-0.02994915,0.01406831,-0.1116589
-0.02821505,0.01412624,-0.1111562
-0.02661007,0.0141812,-0.1107071
-0.02468436,0.01429373,-0.1098566
-0.02246941,0.01452214,-0.109631
-0.02042262,0.01468569,-0.1094162
-0.01805557,0.0149672,-0.1094442
-0.01567067,0.01516902,-0.109344
-0.01332912,0.01545203,-0.1093261
-0.01085721,0.01579815,-0.1091428
-0.008205527,0.0162434,-0.1086108
-0.005617199,0.0165171,-0.1080747
-0.002699051,0.01652712,-0.1073113
0.0001091655,0.01662451,-0.106335
0.002880661,0.01672894,-0.1054095
0.005706439,0.01683229,-0.1040929
0.009120643,0.01678115,-0.1024488
0.01227504,0.01699132,-0.1009665
0.01575237,0.01706457,-0.09942522
0.01920015,0.01706165,-0.09783126
0.02280072,0.01706737,-0.09615829
0.02649915,0.01699036,-0.09434421
0.03003576,0.01686883,-0.09236712
0.03396026,0.01664281,-0.09019578
0.03770128,0.01657903,-0.08856598
0.04157297,0.01637423,-0.0864888
0.04553284,0.01615179,-0.08439028
0.04950346,0.01600379,-0.08225394
0.05347756,0.0157879,-0.08024199
0.05741231,0.01565558,-0.07832518
0.06140664,0.01546347,-0.0764409
0.06535017,0.01527458,-0.07454646
0.06951184,0.01529223,-0.07281068
0.07351271,0.01510143,-0.07134913
0.07741755,0.01500392,-0.06975582
0.08174866,0.01508504,-0.06887402
0.08528943,0.01500374,-0.06770057
0.08915224,0.01523185,-0.06705381
0.09260881,0.01546127,-0.06644628
0.09612286,0.01547581,-0.06588684
0.0994453,0.01560158,-0.06532921
0.1028367,0.01574636,-0.06458934
0.1070152,0.01640934,-0.06428067
0.1108955,0.01664138,-0.06337068
0.1148048,0.01702833,-0.06226206
0.1191776,0.01746166,-0.0609685
0.1232752,0.01781797,-0.05988887
0.1277257,0.01822722,-0.05873191
0.132216,0.01879495,-0.05735851
0.1366392,0.01954162,-0.05583064
0.1415005,0.02013391,-0.05472068
0.1464062,0.02083725,-0.05381734
0.1515791,0.02172971,-0.05265332
0.1563588,0.02229929,-0.05179291
0.1612214,0.02335823,-0.05058349
0.1666134,0.02444637,-0.0503284
0.1715662,0.02559215,-0.04955345
0.1766848,0.02661979,-0.04918215
0.1816457,0.02730662,-0.04887258
0.1865386,0.02843136,-0.04842048
0.1919201,0.02952641,-0.04838954
0.1965261,0.03063345,-0.04826802
0.2014331,0.03170538,-0.04838235
0.2059953,0.03266454,-0.04864416
0.2105934,0.03374064,-0.04905647
0.2151137,0.03478533,-0.0496438
0.2194194,0.03598219,-0.05030604
0.2234369,0.03713238,-0.05139653
0.227438,0.03822047,-0.05249998
0.2310804,0.03892714,-0.05349501
0.2346157,0.03967404,-0.05467161
0.2379811,0.04040653,-0.05607607
0.2412287,0.04087836,-0.05743073
0.2442331,0.04131609,-0.05905762
0.2470456,0.04151297,-0.06057099
0.2498718,0.04187828,-0.06217105
0.252093,0.04181027,-0.06417128
0.2542809,0.04158068,-0.06576148
0.2562933,0.04129708,-0.06751516
0.2581364,0.04099315,-0.06928734
0.259965,0.04064995,-0.07098395
0.2609152,0.03995717,-0.07326243
0.2620287,0.03935134,-0.07507724
0.2619981,0.03844172,-0.07662454
0.2628722,0.03774065,-0.07833962
0.2632262,0.03676414,-0.08072554
0.2628027,0.03531337,-0.08223249
0.2624941,0.03429794,-0.08427249
0.2619581,0.03310472,-0.08585241
0.2611229,0.03197682,-0.08743684
0.2599798,0.03093117,-0.08881276
0.2588328,0.02979076,-0.09018942
0.2577294,0.02887201,-0.09172472
0.256639,0.02805609,-0.09339194
0.2552393,0.02722335,-0.09487756
0.2539815,0.02680385,-0.09681405
0.2525907,0.0265519,-0.09877951
0.2514612,0.02627623,-0.1006543
0.2502317,0.02614748,-0.1028642
0.2491667,0.02602011,-0.1045151
0.2482561,0.02639478,-0.1067791
0.2470268,0.02669317,-0.1089982
0.2462792,0.0272603,-0.1111597
0.2453371,0.02754569,-0.1133365
0.2446741,0.02799773,-0.1152484
0.2440235,0.02853566,-0.1174116
0.2432133,0.02933908,-0.1196914
0.2426199,0.02998912,-0.1216721
0.241746,0.03078741,-0.1239744
0.2409064,0.03160572,-0.125864
0.239626,0.03286219,-0.128602
0.2389298,0.03349274,-0.1301471
0.2377669,0.0343942,-0.1321279
0.2363906,0.03534466,-0.1342524
0.2350018,0.03616369,-0.1357801
0.2333081,0.03714448,-0.1377751
0.2318208,0.03786433,-0.1392508
0.2302196,0.03862864,-0.1408637
0.2281686,0.03952438,-0.142433
0.2263342,0.04008865,-0.1437293
0.2238762,0.04072291,-0.144858
0.2217023,0.04108757,-0.1459232
0.2192488,0.04141945,-0.1467353
0.2167033,0.04183608,-0.147509
0.2140193,0.04197925,-0.1479832
0.2112153,0.04209656,-0.1482583
0.20825,0.04182702,-0.1482069
0.2051161,0.04177964,-0.1481709
0.2022269,0.04161423,-0.1481666
0.1989574,0.04097623,-0.1473585
0.195829,0.04059613,-0.1469005
0.1923462,0.03962916,-0.1457406
0.1891789,0.03882533,-0.1446124
0.1860486,0.03783,-0.1433346
0.1827123,0.03691465,-0.1418778
0.1794882,0.03574455,-0.1402262
0.1762843,0.03449744,-0.1383632
0.1730242,0.03335166,-0.1363428
0.1699343,0.03184736,-0.133888
0.1666039,0.03048891,-0.1315489
0.1634982,0.02913249,-0.1292849
0.1601426,0.02755356,-0.1264289
0.1570343,0.02601141,-0.1235828
0.1539261,0.02449244,-0.1207352
0.15064,0.02301449,-0.1178042
0.1476429,0.02145737,-0.11444
0.1443449,0.02004212,-0.1113297
0.1413746,0.01858968,-0.1082317
0.1383487,0.01744032,-0.1049963
0.1353345,0.01615292,-0.1015222
0.1324602,0.01504648,-0.09820555
0.1294153,0.01398027,-0.09487873
0.1268627,0.01302439,-0.09151891
0.1240869,0.01215875,-0.08822197
0.1215032,0.01181209,-0.08480813
0.1188252,0.0113287,-0.0813195
0.1163936,0.01121682,-0.07848382
0.113857,0.01112801,-0.07517389
0.1111626,0.01126659,-0.0721577
0.1087377,0.0113582,-0.06901031
0.1062377,0.01157355,-0.06605087
0.1037576,0.01191276,-0.06329681
0.1014017,0.01223874,-0.06053665
0.09890512,0.01273316,-0.05801116
0.09653201,0.01325899,-0.05559572
0.09410362,0.01391733,-0.05331613
0.09181149,0.01476198,-0.05146298
0.08944351,0.01542121,-0.04924857
0.08730958,0.01638794,-0.04755187
0.08516287,0.01707131,-0.04565895
0.08326688,0.01780003,-0.0437986
0.08129711,0.01866782,-0.042058
0.07949825,0.01946318,-0.04035303
0.07777685,0.02026373,-0.0387436
0.07620132,0.02125186,-0.03741698
0.07459809,0.02212971,-0.03604495
0.07302064,0.02318251,-0.03473318
0.07145239,0.0240683,-0.03332043
0.070253,0.02500159,-0.03218045
0.06908081,0.02583134,-0.03093438
0.06816564,0.02668357,-0.02980122
0.06729273,0.02760643,-0.02851439
0.06650859,0.02861309,-0.02745187
0.06566708,0.02960736,-0.0263121
0.06519972,0.03072953,-0.02528008
0.06484488,0.03180981,-0.02404503
0.06485333,0.03281438,-0.02279134
0.06567941,0.03383899,-0.02129671
0.06613698,0.03479505,-0.01974688
0.06716476,0.03582263,-0.01822359
0.06826854,0.03715837,-0.01698268
0.06997187,0.03860348,-0.01536595
0.07112049,0.04023981,-0.01438836
0.07248805,0.04146904,-0.01306421
0.07375966,0.04319769,-0.01231432
0.07516851,0.04474199,-0.01153399
0.07667137,0.0468201,-0.01146618
0.07820447,0.04857326,-0.01105807
0.07973799,0.05053419,-0.01097669
0.08125076,0.05259341,-0.01108657
0.08286665,0.05499965,-0.01144272
0.08473525,0.05679178,-0.01190044
0.08666956,0.05884516,-0.01300947
0.08827161,0.06070638,-0.01348554
0.090149,0.06293315,-0.01470996
0.09193084,0.06480396,-0.01548731
0.09396829,0.06657815,-0.01632629
0.09602978,0.06876671,-0.01749018
0.09858044,0.0705846,-0.01878317
0.1006782,0.07263654,-0.01975551
0.1030577,0.07457358,-0.021089
0.1053691,0.07658798,-0.02245214
0.1077708,0.07849991,-0.02404715
0.11041,0.08032823,-0.02618251
0.1126245,0.08244514,-0.02818042
0.1151134,0.08448744,-0.03046777
0.1151134,0.08448744,-0.03046777
0.1195505,0.08818758,-0.03462068
0.1223654,0.09041971,-0.03725466
0.1255191,0.09299481,-0.04019392
0.1292381,0.09634805,-0.04364065
0.132714,0.09946525,-0.04668716
0.1362507,0.1027579,-0.04964611
0.1403407,0.1060297,-0.05275519
0.1439868,0.1096129,-0.05567637
0.1481074,0.1132813,-0.05891636
0.1518954,0.1168324,-0.06186803
0.1556835,0.1203599,-0.06494696
0.1596877,0.1240738,-0.068179
0.1637887,0.1283702,-0.07159288
0.1678999,0.132845,-0.07513687
0.1721706,0.1376902,-0.07885388
0.1763504,0.142705,-0.08250224
0.1805408,0.1479166,-0.08612027
0.1850495,0.1539017,-0.08995382
0.1893957,0.1594163,-0.09346923
0.193629,0.1655722,-0.09695079
0.1981395,0.1717855,-0.1003336
0.2023739,0.1777385,-0.1036185
0.2071295,0.1848952,-0.1067772
0.2115917,0.1918447,-0.1097745
0.2161192,0.1994059,-0.1126944
0.2204406,0.2065537,-0.115621
0.2245846,0.2140974,-0.1181042
0.2288503,0.2225147,-0.1206145
0.2329825,0.2303301,-0.1230827
0.2366886,0.2392726,-0.1251546
0.2404202,0.24814,-0.1270336
0.2440464,0.2571442,-0.1289105
0.2475328,0.2662891,-0.1306269
0.2507692,0.2754871,-0.132268
0.2535468,0.2844223,-0.1335124
0.2564099,0.2930791,-0.1348466
0.2586883,0.3017461,-0.1360196
0.2608515,0.3102585,-0.1370149
0.2623959,0.31854,-0.1377811
0.2640041,0.3263971,-0.1384322
0.2657384,0.3344148,-0.139061
0.2669266,0.3419777,-0.1395382
0.2681854,0.3493273,-0.1395442
0.269221,0.3561112,-0.1394696
0.2701791,0.3627623,-0.139213
0.2710002,0.3687271,-0.1394814
0.2716497,0.3738919,-0.1386936
0.2725519,0.3795788,-0.138401
0.273082,0.3844278,-0.137521
0.2734967,0.3888221,-0.1365355
0.2740039,0.3930172,-0.1360911
0.2741041,0.3959547,-0.1347206
0.2741717,0.3995609,-0.1335142
0.2742055,0.4014693,-0.1319998
0.2739265,0.4035457,-0.1302886
0.2738813,0.4052196,-0.1287855
0.2737906,0.4064726,-0.1272104
0.2735284,0.4072418,-0.1256621
0.2733161,0.4075605,-0.12398
0.272953,0.4076147,-0.1222316
0.2725574,0.4071721,-0.1204394
0.2720983,0.4064275,-0.1185777
0.2715634,0.4049642,-0.1164444
0.2710941,0.4033089,-0.1143362
0.2707035,0.4013618,-0.1121381
0.270359,0.3989185,-0.1098075
0.2701266,0.3957678,-0.1073047
0.2700193,0.3925389,-0.1049353
0.2697179,0.3894175,-0.1023248
0.2695927,0.3858029,-0.09954963
0.2691337,0.3817948,-0.09654953
0.2689109,0.3780023,-0.09382004
0.2683277,0.3740276,-0.09087728
0.2676686,0.3702368,-0.08808876
0.2668073,0.3649644,-0.08427521
0.2656101,0.3601657,-0.08118504
0.264739,0.3554034,-0.07809796
0.2635748,0.3494133,-0.07485622
0.2623806,0.3431425,-0.07118474
0.2610397,0.3371449,-0.06810369
0.2594688,0.3309108,-0.06458319
0.2578442,0.3244252,-0.0613706
0.2558692,0.317927,-0.05838594
0.254182,0.3112255,-0.05484833
0.2521665,0.3042412,-0.05150818
0.2497625,0.296846,-0.04787423
0.2473495,0.289608,-0.0445142
0.2447364,0.2824017,-0.04116756
0.2417714,0.2748296,-0.03720424
0.2389027,0.2675483,-0.03367813
0.2358886,0.2598054,-0.02977732
0.2328543,0.252516,-0.026087
0.2296824,0.2450936,-0.02228879
0.2263175,0.2371258,-0.01782201
0.223055,0.2296739,-0.01371732
0.2195559,0.2217339,-0.008932674
0.2161955,0.2142845,-0.004480181
0.2126973,0.2066138,0.0002745942
0.2090564,0.1993012,0.005376122
0.2050164,0.1920536,0.009939938
0.2011085,0.1842552,0.01497901
0.1966345,0.1773489,0.01953633
0.1924482,0.1702114,0.02413623
0.1877419,0.1634963,0.0284404
0.182997,0.156625,0.03286378
0.1780465,0.1499263,0.03718136
0.1728591,0.1433334,0.04131415
0.1679154,0.136703,0.0448531
0.1623629,0.1306337,0.04848744
0.1569926,0.1243507,0.05237007
0.1513436,0.1182234,0.055592
0.1450308,0.1122055,0.0589997
0.138853,0.1062492,0.0619001
0.1322739,0.1001724,0.06534939
0.1257892,0.09410697,0.06884591
0.1188991,0.08829618,0.07174995
0.1116987,0.0825454,0.07472409
0.1041792,0.07666123,0.07789266
0.09662277,0.07095963,0.08099009
0.08881413,0.06526583,0.08398101
0.0810463,0.0599463,0.08686725
0.07299906,0.05475247,0.08961087
0.06477835,0.04967111,0.09260079
0.05640691,0.04482496,0.09527196
0.04799552,0.04013914,0.09815247
0.03926444,0.03597587,0.1004507
0.03073279,0.031802,0.1030998
0.02218284,0.02789015,0.1053791
0.01368597,0.02409524,0.1077914
0.005337519,0.02065736,0.1098761
-0.002783593,0.01761121,0.1118888
-0.01124507,0.01466984,0.1141241
-0.01845299,0.01242197,0.1157527
-0.02575055,0.01028246,0.1171975
-0.03279286,0.008572042,0.1188018
-0.0396366,0.007009566,0.1200183
-0.04595296,0.005717993,0.1209691
-0.05173676,0.005039871,0.1216069
-0.05754989,0.004270375,0.1226059
-0.06318247,0.003561139,0.1233277
-0.06865727,0.003116369,0.1240747
-0.07375269,0.002713025,0.1246849
-0.0786285,0.002387166,0.1252315
-0.08329168,0.002086222,0.1259128
-0.08761157,0.001963437,0.1265281
-0.09174133,0.002006173,0.1271082
-0.09564688,0.00186938,0.1279982
-0.09941221,0.001789689,0.1286268
-0.1028716,0.002016604,0.1293289
-0.1057318,0.00200671,0.1303181
-0.1086269,0.001928627,0.1311844
-0.1113489,0.001856804,0.1323262
-0.1137794,0.001855314,0.1332303
-0.1160291,0.001742363,0.1344609
-0.1180222,0.001608908,0.1357642
-0.1197985,0.001628339,0.1370082
-0.1208669,0.001557648,0.1384112
-0.1224838,0.001393139,0.1395864
-0.1230326,0.00138247,0.1408513
-0.1237749,0.001383662,0.1420696
-0.1246021,0.00136894,0.1432585
-0.124529,0.001403093,0.1442928
-0.1248974,0.001446009,0.1454871
-0.1244429,0.001457274,0.1464197
-0.1240231,0.00151068,0.1469424
-0.1233649,0.001560926,0.1476571
-0.122573,0.001590967,0.1482358
-0.1215381,0.001711905,0.1486646
-0.1203609,0.001787543,0.1490904
-0.1189721,0.001813352,0.1493918
-0.1171417,0.001933873,0.1497227
-0.1157019,0.002007067,0.1501363
-0.1135359,0.002033591,0.1504534
-0.1115229,0.002161622,0.1507961
-0.1095417,0.002316177,0.1510377
-0.1068827,0.002507389,0.1513253
-0.1043354,0.002720773,0.151426
-0.1015707,0.002966642,0.1517086
-0.09861051,0.003252745,0.1519889
-0.0953111,0.003632784,0.1522009
-0.09193343,0.004057527,0.1524483
-0.08835486,0.004595757,0.1526762
-0.08467794,0.005147398,0.1528843
-0.08082944,0.00579834,0.1530138
-0.07673721,0.006547928,0.1531949
-0.0723413,0.007443666,0.1533502
-0.06831288,0.008114636,0.1534277
-0.06366433,0.009167075,0.1535304
-0.059271,0.01024532,0.1537578
-0.05435216,0.01147413,0.1538437
-0.04961731,0.01266867,0.153745
-0.04476544,0.01395291,0.1537463
-0.03990639,0.01529616,0.1536889
-0.03505361,0.0166654,0.1535331
-0.02995304,0.0182426,0.1533096
-0.02503828,0.01992762,0.153073
-0.02005999,0.02152753,0.1528089
-0.01495065,0.02303708,0.1525828
-0.01003443,0.02473688,0.1522826
-0.00503423,0.02646899,0.1519534
-0.0001154047,0.02825099,0.1515152
0.004789148,0.03003508,0.1511215
0.009555146,0.03187263,0.1506988
0.01419141,0.03354907,0.1505269
0.01887543,0.03544784,0.1498773
0.02344,0.0373596,0.149407
0.02786782,0.03918225,0.1486818
0.03253865,0.04126602,0.1479167
0.03685073,0.04309356,0.1470725
0.04081352,0.04481488,0.1461569
0.04452519,0.04638439,0.1448134
0.04828915,0.04801112,0.1436178
0.05211208,0.04960996,0.1423919
0.05537036,0.05102956,0.141009
0.0585418,0.05240381,0.1394457
0.06143149,0.05362105,0.1373437
0.06416546,0.05473804,0.1354903
0.0666559,0.05574423,0.1334032
0.06896208,0.05660081,0.1312169
0.07102896,0.05727422,0.1289311
0.07293891,0.05813962,0.126399
0.07429003,0.05839837,0.1236478
0.07595811,0.05902052,0.1209858
0.0767905,0.05896002,0.1182293
0.07769488,0.05898726,0.1157834
0.07843374,0.05890203,0.113203
0.07894935,0.05858052,0.1109274
0.07910189,0.05808926,0.1084615
0.07927044,0.05761242,0.1060324
0.07947511,0.05729777,0.1036933
0.0788198,0.05646521,0.1013886
0.07836951,0.05567014,0.09920392
0.07794818,0.0549522,0.0970571
0.07680623,0.05401593,0.09493741
0.0760508,0.05330271,0.09296639
0.07484764,0.05232227,0.09096622
0.07349043,0.0512566,0.08916045
0.07197779,0.05016357,0.08740228
0.07028463,0.04896283,0.08584785
0.06838925,0.04772931,0.08446393
0.06619702,0.04635477,0.08338127
0.06385721,0.04484594,0.0821351
0.06173219,0.04362333,0.0812567
0.05952455,0.04241836,0.08055125
0.05720446,0.04122782,0.07986805
0.05473953,0.03994024,0.07943738
0.05221418,0.03865212,0.07920687
0.04956714,0.03726888,0.07946356
0.04601374,0.03538764,0.07971445
0.04601374,0.03538764,0.07971445
0.04234987,0.03357136,0.08080146
0.03911193,0.03177738,0.0814494
0.03660583,0.03045309,0.08274681
0.03403436,0.02905917,0.08408027
0.03156708,0.02779961,0.08537008
0.02901889,0.0266934,0.08670197
0.02656533,0.02536058,0.08837793
0.0241501,0.02422583,0.08993395
0.02174518,0.02302569,0.09161965
0.01937506,0.02195942,0.09342118
0.01689846,0.02096778,0.09496976
0.01473252,0.01995713,0.09687056
0.01238117,0.01911443,0.09847961
0.01021933,0.01815879,0.1002373
0.007962865,0.01724023,0.1020027
0.005888455,0.0164113,0.1036529
0.003700063,0.01556748,0.1053762
0.001569483,0.01471633,0.107124
-0.0004689856,0.01391369,0.1087676
-0.002474339,0.01318586,0.1103225
-0.004410543,0.01268005,0.1116343
-0.006246018,0.01206231,0.1130366
-0.008056102,0.01122695,0.1146821
-0.009578501,0.01074475,0.1156966
-0.01127622,0.01013243,0.1170493
-0.01273179,0.009674191,0.1179894
-0.01436145,0.009086251,0.1191503
-0.01563415,0.008747995,0.1197354
-0.01699506,0.00825125,0.1206323
-0.01814268,0.007762253,0.1213238
-0.01916901,0.007431507,0.1220889
-0.02012435,0.006985664,0.1226601
-0.02109516,0.006571293,0.1234879
-0.02189309,0.006182253,0.1239482
-0.02254275,0.00580281,0.1242496
-0.02312425,0.005310357,0.1244454
-0.02359043,0.004948676,0.1246092
-0.02414315,0.004564047,0.1248463
-0.02423606,0.004305422,0.1247491
-0.02433439,0.004091442,0.1245584
-0.02436341,0.003838956,0.1243723
-0.02423176,0.003671646,0.1241744
-0.02400942,0.003447592,0.1238305
-0.02364907,0.003242254,0.1234204
-0.02315263,0.003006995,0.1229073
-0.02237264,0.002844572,0.1221883
-0.02156547,0.002716959,0.1215175
-0.02069696,0.002590895,0.1207373
-0.01988996,0.002457201,0.1199932
-0.0187819,0.002341092,0.1191591
-0.01740352,0.002306879,0.1180023
-0.01617397,0.002316356,0.1169342
-0.0147008,0.002289832,0.1157761
-0.01315269,0.002285659,0.1146033
-0.0114175,0.00230819,0.1133996
-0.009515853,0.002353609,0.1121606
-0.007494352,0.002336442,0.1109761
-0.00512241,0.002476037,0.1096621
-0.002927675,0.002490282,0.1084276
-0.0003323789,0.00273633,0.1071602
0.002057875,0.002876401,0.1058725
0.005009191,0.003216743,0.1046091
0.007980277,0.003495038,0.1031885
0.0107223,0.003817439,0.1020092
0.01382781,0.004151225,0.1006195
0.0170786,0.004580617,0.09933563
0.02038818,0.005006075,0.09789973
0.023756,0.005489528,0.0964282
0.02709985,0.00611645,0.09495899
0.03078308,0.006798446,0.09324648
0.03434664,0.007455349,0.09157427
0.03783249,0.008079231,0.08999451
0.04152567,0.008832037,0.08829681
0.04523659,0.009576261,0.0866062
0.04904918,0.0104059,0.08478344
0.05280134,0.0111835,0.08299751
0.05661447,0.01207101,0.08109529
0.06036572,0.01309544,0.07905764
0.06419868,0.01404685,0.07704113
0.06790172,0.01493019,0.07513582
0.07159655,0.01584625,0.07319374
0.07534692,0.01682419,0.07118085
0.07914551,0.01802284,0.06902558
0.08286255,0.01904225,0.06704622
0.08662252,0.02014107,0.06508205
0.09023758,0.0211587,0.06321329
0.09392893,0.02219951,0.06134573
0.09761282,0.02327621,0.05934204
0.1012288,0.0243277,0.05750617
0.1048474,0.02544731,0.05569299
0.1083058,0.02665985,0.0540027
0.1118754,0.02782339,0.05219908
0.1153874,0.02917731,0.05050047
0.1188024,0.03041285,0.04878725
0.1232693,0.03204536,0.0466186
0.1232693,0.03204536,0.0466186
0.1283928,0.03412259,0.04415919
0.1313936,0.03528035,0.04259963
0.1343985,0.03657526,0.0411253
0.137422,0.03780121,0.03947216
0.1401927,0.03901428,0.03795359
0.1428177,0.04018193,0.03647765
0.1454136,0.04146117,0.03504752
0.1475593,0.04250097,0.03365016
0.1498276,0.04366249,0.0321846
0.1517884,0.04461598,0.03080796
0.1538364,0.04560465,0.02940247
0.1554523,0.04645073,0.02796124
0.1565153,0.04706728,0.02667131
0.1576555,0.04767048,0.02531346
0.1583617,0.04822212,0.02397834
0.1593212,0.04881072,0.02263117
0.1598503,0.0491969,0.02147464
0.1602514,0.04946411,0.02046745
0.16058,0.04971349,0.01960856
0.1605816,0.04965168,0.01902887
0.1609188,0.04976189,0.01831404
0.1608261,0.04951173,0.01809163
0.1608057,0.04929757,0.0178086
0.1608876,0.04931599,0.01743333
0.1606416,0.04882717,0.01764956
0.1605378,0.04854196,0.0176953
0.1602905,0.04810047,0.01792398
0.1599774,0.04757506,0.01833163
0.1596345,0.04704398,0.01879883
0.1591029,0.04641628,0.01968539
0.1586252,0.0457058,0.02012206
0.1579069,0.04502416,0.02140694
0.1574648,0.04451793,0.02196165
0.1565751,0.04372388,0.02325801
0.1557924,0.04300499,0.02471903
0.1545689,0.04204094,0.02621881
0.1536367,0.04125637,0.02757091
0.1524284,0.04040909,0.02919083
0.1511077,0.03953475,0.03095075
0.1495144,0.03862429,0.03299727
0.1479246,0.03767723,0.03496469
0.1463445,0.03675258,0.03704467
0.1444406,0.03572953,0.03917792
0.1425329,0.0346716,0.0414422
0.1404124,0.03351104,0.04384656
0.138137,0.03225046,0.04637755
0.1359053,0.03114063,0.04879977
0.1334322,0.02974606,0.05147013
0.130885,0.02831,0.05416471
0.1283306,0.02679396,0.05688384
0.125656,0.02522695,0.05974692
0.1230174,0.02365482,0.06250411
0.120247,0.02195323,0.06566521
0.1176561,0.02037179,0.06861769
0.1151584,0.01851827,0.07205439
0.1126871,0.01673216,0.07555223
0.1103554,0.01499796,0.07917283
0.1081382,0.01321191,0.08300531
0.1057811,0.01138455,0.08735693
0.1030335,0.009003282,0.09319912
0.1030335,0.009003282,0.09319912
0.1005107,0.006996274,0.09840322
0.09809718,0.005163372,0.1038846
0.09601332,0.003785968,0.1082479
0.09415282,0.002605975,0.11249
0.09208638,0.001077652,0.1171175
0.09028184,2.777576E-05,0.1212118
0.08845518,-0.0009316206,0.1254255
0.08673631,-0.002035022,0.129355
0.08511143,-0.002804995,0.132996
0.08372637,-0.003568947,0.1364884
0.08237814,-0.004048169,0.139634
0.08120349,-0.00434339,0.1427144
0.08047054,-0.004334688,0.1449094
0.07971181,-0.004402578,0.1472719
0.07921326,-0.004320741,0.1494036
0.07904461,-0.004109025,0.1508187
0.07910337,-0.00397557,0.1523874
0.07935019,-0.003626227,0.153588
0.07980736,-0.003295124,0.1543774
0.08016372,-0.002963185,0.1555199
0.0814881,-0.002442718,0.1559202
0.0827518,-0.002052903,0.1562819
0.08452214,-0.001638651,0.1566021
0.0856908,-0.001222074,0.1568346
0.08741622,-0.0008512139,0.1569497
0.08929201,-0.0005505085,0.1569004
0.0913955,-8.380413E-05,0.1564751
0.09342621,0.0002209544,0.1559738
0.09567722,0.0005668402,0.1552581
0.09802281,0.0009714961,0.1543531
0.1004048,0.00139904,0.1533088
0.1027632,0.001711011,0.1522239
0.1052919,0.002217233,0.1509128
0.1078927,0.002757847,0.1495395
0.1106785,0.003441989,0.1474875
0.1130854,0.003894866,0.1460417
0.1155733,0.004565299,0.1441887
0.1180194,0.005238116,0.1421326
0.120323,0.005954504,0.1402351
0.1225737,0.006557941,0.1371519
0.1248888,0.007300258,0.1339725
0.1270794,0.007868767,0.1307388
0.1294173,0.008621216,0.1275675
0.1316311,0.009209931,0.1236491
0.1338811,0.009808123,0.1193584
0.1363489,0.01045406,0.1146383
0.1388169,0.01113772,0.1092938
0.1414308,0.01167053,0.1042973
0.1439478,0.01233923,0.09911633
0.1465281,0.01275611,0.09387787
0.1491486,0.01344967,0.0884377
0.1518773,0.01424009,0.08264868
0.1545684,0.01512295,0.07701087
0.1572995,0.01597142,0.07122367
0.1599352,0.01689225,0.06536475
0.1626109,0.01774472,0.05940022
0.1652224,0.01875961,0.05296398
0.1677522,0.0196895,0.0469517
0.170342,0.02065057,0.04071673
0.1728467,0.02157211,0.03445326
0.1752603,0.02254641,0.02833262
0.1776465,0.02355701,0.02221127
0.1800934,0.02458692,0.01618377
0.1823093,0.02542549,0.01056787
0.1844703,0.02637756,0.005153378
0.1863255,0.02706045,0.0002128783
0.1880234,0.02756333,-0.004634273
0.1893861,0.02793455,-0.008727593
0.1904241,0.02815187,-0.01214168
0.1916995,0.02895737,-0.01587045
0.1928665,0.02935171,-0.01967148
0.1936678,0.02989894,-0.02297803
0.194491,0.03044975,-0.02592246
0.1953188,0.0309909,-0.02983956
0.1958737,0.0316788,-0.03249446
0.1966532,0.03253502,-0.03523323
0.1975265,0.03340566,-0.03799627
0.1982023,0.03454703,-0.04031286
0.1986933,0.03547138,-0.04312586
0.1992999,0.03653401,-0.04521934
0.199676,0.03763324,-0.0464585
0.1996275,0.03868455,-0.04824093
0.2000071,0.03961712,-0.04971463
0.1999908,0.04040599,-0.05076749
0.2002183,0.04132044,-0.05229923
0.2003063,0.04225862,-0.05317266
0.200116,0.04291528,-0.05469492
0.1999473,0.04349953,-0.05596709
0.1997423,0.04401398,-0.05690484
0.1993127,0.04434943,-0.05804608
0.1987334,0.04458696,-0.05894994
0.1980411,0.04446983,-0.06014493
0.1971736,0.04437596,-0.06112782
0.1959419,0.04390836,-0.06212805
0.19475,0.04352731,-0.06295773
0.1936844,0.04324895,-0.06401118
0.1924485,0.04288918,-0.06483926
0.1907456,0.04223877,-0.06561253
0.1892951,0.04195487,-0.06643769
0.187578,0.0415011,-0.06702074
0.1861711,0.04122257,-0.06766359
0.1848113,0.04096293,-0.06787593
0.1837195,0.04087871,-0.0678957
0.1827818,0.0409658,-0.06780218
0.1823699,0.04134339,-0.0667999
0.1816229,0.0413183,-0.06659231
0.1816063,0.04185003,-0.06553435
0.1810734,0.04222691,-0.06455841
0.1813056,0.04295051,-0.06327197
0.1812397,0.04366475,-0.06170224
0.1811414,0.0441429,-0.06067022
0.181072,0.04480696,-0.05948032
0.1808974,0.04551268,-0.058216
0.1806446,0.04610699,-0.05706406
0.1803158,0.04666495,-0.05601422
0.1799581,0.04720736,-0.0549384
0.179349,0.04744345,-0.05449935
0.1789217,0.04775769,-0.05344882
0.1780884,0.04799074,-0.05269812
0.1771893,0.04803222,-0.05241546
0.1760924,0.04793173,-0.05198803
0.1750894,0.04784375,-0.05205662
0.1739434,0.04774314,-0.05153192
0.1727173,0.04750967,-0.05114342
0.1714358,0.04719478,-0.05128916
0.1700804,0.0467937,-0.0510882
0.1685507,0.04614675,-0.05107735
0.1668577,0.0454666,-0.05115774
0.1652809,0.0449388,-0.05121081
0.1636045,0.04429001,-0.05149195
0.1618759,0.04366422,-0.0518888
0.1597829,0.04280525,-0.05211652
0.1579717,0.04220104,-0.0526216
0.1560222,0.04157567,-0.05283592
0.1542637,0.04103357,-0.05326767
0.15267,0.04054272,-0.05353527
0.1512665,0.04011142,-0.05310091
0.1506197,0.04006976,-0.05218019
0.1496095,0.03987259,-0.05124489
0.1494389,0.04004776,-0.04976474
0.1498451,0.04051697,-0.04735777
0.149616,0.04090226,-0.04555196
0.1496366,0.04113817,-0.0436641
0.1494433,0.0413,-0.04142696
0.1492402,0.04136336,-0.03978246
0.1489439,0.04142255,-0.03814439
0.1487153,0.04145712,-0.03685224
0.1483431,0.04143906,-0.03575411
0.1481271,0.04141277,-0.03485928
0.1477669,0.04140568,-0.03405764
0.1475488,0.04138488,-0.03383349
0.147345,0.04134917,-0.03317935
0.1472442,0.04136086,-0.03334433
0.1468972,0.04142177,-0.03290743
0.146713,0.04147065,-0.03256376
0.146601,0.04146606,-0.03248532
0.1463162,0.04145443,-0.03227374
0.1461957,0.04144502,-0.03209186
0.1459635,0.04153371,-0.0319824
0.1458145,0.04145902,-0.03193799
0.1456357,0.0413084,-0.03191103
0.1455139,0.04116333,-0.03195167
0.1453885,0.04101074,-0.03184731
0.1452076,0.04080427,-0.03193432
0.1451206,0.04063183,-0.03203529
0.1448857,0.04036599,-0.03189562
0.1447148,0.04013145,-0.03203439
0.1443933,0.03992724,-0.03148758
0.1441518,0.03956026,-0.03177955
0.1436601,0.03926909,-0.03203034
0.1432472,0.0390169,-0.03222983
0.142444,0.03873557,-0.03263934
0.1415874,0.03851783,-0.03320143
0.1404575,0.03843355,-0.0334342
0.1392755,0.03833914,-0.03388828
0.1380806,0.03816938,-0.03423167
0.1369027,0.03812879,-0.03407222
0.1358909,0.0379867,-0.03376987
0.1354624,0.03826797,-0.03172632
0.1349354,0.03842497,-0.03015975
0.1353172,0.03925657,-0.0257583
0.1355027,0.0399639,-0.0218742
0.1353466,0.0405727,-0.01878362
0.1355389,0.04140413,-0.01434872
0.1353266,0.04225332,-0.01109677
0.1349763,0.04287076,-0.008064896
0.1345505,0.04342765,-0.005165904
0.1341122,0.0440436,-0.002172282
0.1330537,0.04411697,-0.001279911
0.1322382,0.04427749,-3.74263E-05
0.1311572,0.04432255,0.0009739731
0.1301179,0.04438585,0.002183834
0.1288089,0.04382414,0.00191744
0.1273402,0.04346627,0.002248027
0.1260126,0.04300171,0.002055195
0.1243065,0.04243827,0.002007831
0.1224678,0.04179746,0.00188658
0.1206926,0.04092485,0.001146293
0.1186476,0.0400883,0.0007210241
0.1164714,0.03919345,0.0001545589
0.1142382,0.03821564,-0.0004377239
0.1119088,0.03710371,-0.001372937
0.1095452,0.03602546,-0.002087851
0.1070431,0.0348894,-0.002887832
0.1047571,0.03397983,-0.003746751
0.1025478,0.03296274,-0.004466343
0.1001513,0.03186399,-0.005203122
0.09809048,0.03087431,-0.005837975
0.09610739,0.0299561,-0.006119713
0.09436032,0.02908844,-0.006173115
0.09285425,0.02846158,-0.005759533
0.09174799,0.02800614,-0.004833197
0.09085111,0.02767324,-0.003549993
0.09007654,0.02744424,-0.00209234
0.08967352,0.02746201,-6.228659E-05
0.08864617,0.0271948,0.001249449
0.08827238,0.02720183,0.002647261
0.0877119,0.02732259,0.003969233
0.08708276,0.02720463,0.005051414
0.08677059,0.02722317,0.005713332
0.08650215,0.02713853,0.00681043
0.08618338,0.0271281,0.007287032
0.08605166,0.02714026,0.00806003
0.08587976,0.02717465,0.008292313
0.08590846,0.02721435,0.008470287
0.08589119,0.02731824,0.008518481
0.08603365,0.02746886,0.008323672
0.08614933,0.02759326,0.008368857
0.08632255,0.02773404,0.008178253
0.08656329,0.02784497,0.008083362
0.08697191,0.02804673,0.007796898
0.08734575,0.02822369,0.007607749
0.08782452,0.02843934,0.007396067
0.0882443,0.02860337,0.00722475
0.08860352,0.02871531,0.007089695
0.08900419,0.02883464,0.006838997
0.08936995,0.02891225,0.006518572
0.08961348,0.02891922,0.006085853
0.08985963,0.02886277,0.005588826
0.09005552,0.02883434,0.005216556
0.0901874,0.02866697,0.004718919
0.09038182,0.02857691,0.004304592
0.0905491,0.02837223,0.004039609
0.09065585,0.0281558,0.003753094
0.09081522,0.02795821,0.003525259
0.09099374,0.02780706,0.003385761
0.09116539,0.02768642,0.003495265
0.09138119,0.02760005,0.003505364
0.09162926,0.0275256,0.003540029
0.09171823,0.02744269,0.003653414
0.09200635,0.02742946,0.003727128
0.09211789,0.02732944,0.003857211
0.09238163,0.02730554,0.003837943
0.09265213,0.02729267,0.003757386
0.0928583,0.02730399,0.003787067
0.09310639,0.02729946,0.003476313
0.09335648,0.02730745,0.003292155
0.09361091,0.02731234,0.002962271
0.09385054,0.02727348,0.002771577
0.09410838,0.02729023,0.002421465
0.09435574,0.02730227,0.002094382
0.09461348,0.02737182,0.001986474
0.09485723,0.02740878,0.00178698
0.0950572,0.02745628,0.001620527
0.09528042,0.02750206,0.001475665
0.09549493,0.02755445,0.001362238
0.09548185,0.02754194,0.00142565
0.0956163,0.0275588,0.001363636
0.09566722,0.02751821,0.001373933
0.09576018,0.02752101,0.001359921
0.0958596,0.0275268,0.00132204
0.09580979,0.02755994,0.001513913
0.09587175,0.02755582,0.001562416
0.09595238,0.02754921,0.001613595
0.09604247,0.02755469,0.001747151
0.09619475,0.02756071,0.001905947
0.09631861,0.02758992,0.002070836
0.09643162,0.02768356,0.002217502
0.09658384,0.02772623,0.002425518
0.09674649,0.02777016,0.002615443
0.0969286,0.02783519,0.002806377
0.09710146,0.02788591,0.002944886
0.09731817,0.02795255,0.002960326
0.097506,0.02800065,0.002904436
0.09776322,0.02806592,0.002796066
0.09776322,0.02806592,0.002796066
0.09802206,0.02807373,0.002437649
0.09820929,0.02808273,0.002304784
0.09836887,0.02807951,0.002004541
0.09852384,0.0280714,0.001738728
0.09866037,0.02802902,0.001459212
0.09878051,0.02798283,0.001112842
0.09896838,0.02794492,0.0006717021
0.09911378,0.02792782,0.0004133884
0.09922638,0.02786356,0.0002992967
0.09936409,0.02783424,0.0001447771
0.09950019,0.0278092,-8.104912E-10
right
0.07289648,0.72424,-0.07001412
0,0,0
0.003529844,0.001802564,-0.006283266
0.007196753,0.003933787,-0.01272241
0.01055522,0.006138444,-0.0190454
0.01462484,0.00835979,-0.02543491
0.01662057,0.01277918,-0.03243684
0.02062445,0.01519734,-0.03870497
0.0247633,0.01778054,-0.04499802
0.03237399,0.0228194,-0.05582653
0.03237399,0.0228194,-0.05582653
0.03845427,0.02651834,-0.06392145
0.04261941,0.02924216,-0.06908515
0.04724333,0.03208858,-0.07453811
0.05203266,0.03523409,-0.08005629
0.05690074,0.03849006,-0.08542096
0.0618569,0.04169166,-0.09059636
0.06671445,0.04500932,-0.09574992
0.07154713,0.0483973,-0.1008114
0.07651976,0.05164945,-0.1055346
0.08148063,0.05499631,-0.1101759
0.0865033,0.05804217,-0.1144641
0.09154631,0.06143963,-0.1185334
0.09642879,0.06484145,-0.1226547
0.1012973,0.06792068,-0.1264098
0.1062123,0.0711779,-0.1300214
0.1109698,0.07460803,-0.1334241
0.1156311,0.07780951,-0.1366605
0.1202397,0.08093691,-0.1396494
0.124697,0.08390886,-0.1422468
0.1293621,0.08689672,-0.1449801
0.13376,0.08993655,-0.1476797
0.1380076,0.09294856,-0.1500117
0.1423903,0.09609455,-0.152101
0.1457767,0.09839737,-0.1537099
0.1497158,0.1009542,-0.1556601
0.1533621,0.1033362,-0.1572307
0.1568047,0.1055477,-0.1585387
0.1601967,0.1076933,-0.1598841
0.1630826,0.1094802,-0.1607088
0.1660576,0.1112664,-0.1614371
0.1687838,0.1129007,-0.1621395
0.1715683,0.1146046,-0.1628722
0.173598,0.1155565,-0.1629662
0.17574,0.1167259,-0.1630982
0.1778896,0.1174251,-0.1633491
0.1795248,0.117943,-0.1632187
0.1809062,0.1184312,-0.1629716
0.1818287,0.1183104,-0.1623269
0.1830251,0.1186779,-0.161852
0.1837091,0.1182045,-0.1609946
0.1841764,0.1179188,-0.160049
0.1846495,0.1173276,-0.1589658
0.1847616,0.1165858,-0.1577352
0.1845679,0.1157438,-0.1563918
0.1839404,0.1143394,-0.1546586
0.1835949,0.1133606,-0.1531407
0.18256,0.111632,-0.151465
0.1818008,0.1101969,-0.1497342
0.180256,0.1083721,-0.1476817
0.1782504,0.1060551,-0.1453756
0.1764787,0.103881,-0.1431345
0.1743557,0.1014714,-0.1407688
0.1723529,0.09915257,-0.1384411
0.1692989,0.09631658,-0.1356776
0.1663601,0.09343648,-0.132977
0.1636558,0.09061718,-0.1302793
0.1602746,0.08693385,-0.1272497
0.1565199,0.08349138,-0.1239949
0.1530481,0.08028722,-0.1210824
0.1490748,0.07688016,-0.1177365
0.1450545,0.07331187,-0.1144123
0.1404941,0.06958354,-0.1107269
0.1362087,0.06607193,-0.1071286
0.1316475,0.06235176,-0.1034479
0.1268946,0.05871183,-0.09954479
0.1216625,0.05527139,-0.0955641
0.1166186,0.051727,-0.09151389
0.1113627,0.04837877,-0.08741681
0.1059412,0.04485369,-0.08305844
0.100788,0.04137379,-0.07877923
0.09536544,0.03808361,-0.07445082
0.08992019,0.03475225,-0.06972876
0.08446414,0.03168088,-0.06511054
0.07911211,0.02843183,-0.06045037
0.07387482,0.02540666,-0.05555111
0.06850553,0.02237248,-0.05058041
0.06317354,0.01942986,-0.04549074
0.05818205,0.01690859,-0.04065686
0.05321305,0.01435292,-0.03564063
0.04843289,0.01191205,-0.03064845
0.04368368,0.009589434,-0.02560162
0.03916018,0.007487237,-0.0206419
0.03460916,0.005367756,-0.01575359
0.03030962,0.003360152,-0.01105083
0.02570128,0.001319289,-0.006156014
0.02165282,-0.0001645088,-0.001728895
0.01769209,-0.001748323,0.002764238
0.01388109,-0.003270328,0.00728067
0.01035809,-0.004766524,0.0118331
0.007152552,-0.006094873,0.01619702
0.004221771,-0.007341921,0.02057361
0.001639037,-0.008498788,0.02488905
-0.0001145763,-0.009314954,0.02906181
-0.001759361,-0.01033384,0.03324592
-0.0029027,-0.0112164,0.03738323
-0.004502458,-0.0122121,0.04120734
-0.005603766,-0.01288009,0.04477136
-0.006353771,-0.01338339,0.04785315
-0.006707328,-0.01367438,0.05041746
-0.007244387,-0.01408809,0.05298465
-0.007563962,-0.01451504,0.05530597
-0.008054781,-0.01491749,0.05776818
-0.007684723,-0.01521021,0.05916421
-0.007519742,-0.01542759,0.06063641
-0.007155729,-0.01543826,0.06172605
-0.006531535,-0.015414,0.06277091
-0.005843611,-0.01529938,0.06290382
-0.005218708,-0.01554632,0.06330135
-0.00466508,-0.01557791,0.06327789
-0.00388005,-0.0158096,0.06319022
-0.00309879,-0.01586759,0.06273802
-0.001958263,-0.01603031,0.06222217
-0.0008178906,-0.01600718,0.06136767
0.0004854871,-0.01594156,0.06031069
0.002052046,-0.01582789,0.05907039
0.00367658,-0.01564103,0.05766525
0.005383437,-0.01550424,0.05613682
0.007316316,-0.01561952,0.05460788
0.009298289,-0.01557112,0.05271647
0.01109559,-0.01541394,0.05091813
0.01306522,-0.01530784,0.04882837
0.01511176,-0.01501244,0.04643797
0.01719769,-0.01474798,0.04398751
0.01949562,-0.01430577,0.04113968
0.0216614,-0.0137831,0.03853152
0.02398862,-0.01319015,0.0356222
0.02647567,-0.01217943,0.03228797
0.02894228,-0.01160431,0.02951042
0.03170907,-0.01045102,0.02611312
0.0344402,-0.009150386,0.022818
0.03732796,-0.007859409,0.01947602
0.04017942,-0.006477416,0.01618259
0.04316523,-0.004882634,0.01256449
0.04595351,-0.003360689,0.009153324
0.04873484,-0.001951575,0.005752075
0.05013948,0.001558542,0.001177943
0.05279801,0.003238678,-0.002318268
0.05548108,0.004960239,-0.005813893
0.05824118,0.007040262,-0.009564214
0.06079182,0.00908488,-0.01320114
0.06342857,0.01105863,-0.01671082
0.0661447,0.01306921,-0.02002033
0.06883217,0.01498353,-0.02337778
0.07141316,0.01699084,-0.02655575
0.07420006,0.01890886,-0.02945958
0.07693334,0.02097225,-0.03247202
0.07971796,0.02303475,-0.03528279
0.08240352,0.02489138,-0.0382106
0.08485695,0.0268507,-0.04100139
0.08718561,0.02874023,-0.04366497
0.08947025,0.03069252,-0.04642473
0.09184052,0.03253943,-0.049139
0.09375406,0.03430629,-0.05179984
0.09576659,0.03608036,-0.05435412
0.09763439,0.03770238,-0.05695814
0.0993845,0.03937244,-0.05952311
0.1010167,0.0409109,-0.0618366
0.102626,0.04255253,-0.06416313
0.1043096,0.04425275,-0.0665144
0.1056909,0.04580957,-0.06846722
0.1072066,0.04735404,-0.07028656
0.1085836,0.04872602,-0.07229942
0.1098818,0.05010432,-0.07391518
0.1110686,0.05146903,-0.07547145
0.1121052,0.05252308,-0.07659071
0.1132151,0.05377728,-0.07779437
0.1142678,0.05465007,-0.07885546
0.1152244,0.05554122,-0.07954032
0.1160376,0.05608159,-0.07997853
0.1168441,0.05664903,-0.0803555
0.1177693,0.05731958,-0.08083027
0.1183674,0.05737174,-0.08066443
0.1190652,0.05758935,-0.08047929
0.1195378,0.05767608,-0.08020729
0.119936,0.05762863,-0.07967464
0.1201173,0.05733049,-0.0786528
0.1202756,0.05703008,-0.07775884
0.1204581,0.05680567,-0.07698725
0.1203901,0.05625904,-0.0757147
0.1200024,0.05543351,-0.07417928
0.1195458,0.05474693,-0.07276437
0.1189988,0.05378336,-0.07116088
0.118352,0.05266333,-0.06947567
0.1175196,0.0514552,-0.06765236
0.1165346,0.05006748,-0.06578151
0.1153935,0.04856181,-0.0636033
0.1141875,0.04712468,-0.0615715
0.1129507,0.0456205,-0.0593743
0.1112355,0.04380155,-0.05688903
0.1096536,0.0419336,-0.05447624
0.1078127,0.04024571,-0.05215778
0.105831,0.03841478,-0.04958681
0.103665,0.03660208,-0.04707969
0.1014936,0.03460473,-0.04441641
0.09910996,0.03260988,-0.04167714
0.09662631,0.03064436,-0.039019
0.09419923,0.028678,-0.03609376
0.09185101,0.0265463,-0.03321852
0.08949763,0.02463132,-0.03023697
0.08699568,0.02261794,-0.02721082
0.08433054,0.02056688,-0.02398092
0.08177306,0.01857662,-0.0209349
0.07883315,0.01667172,-0.01773225
0.07597114,0.01466227,-0.01448273
0.07348,0.01283413,-0.01156448
0.07066701,0.01088965,-0.008399516
0.06783745,0.009137511,-0.005342028
0.0649818,0.007470548,-0.002541875
0.06201944,0.005844831,0.0002806128
0.05918885,0.004343212,0.002907232
0.05637903,0.002876639,0.005587975
0.05371619,0.001541018,0.008325049
0.05103146,0.0002246499,0.01060197
0.0482921,-0.001037061,0.01309372
0.04554812,-0.002327383,0.01546178
0.04292334,-0.003444254,0.01771609
0.04039438,-0.004118621,0.01956077
0.03792492,-0.005065084,0.02161973
0.03549986,-0.005874932,0.02355123
0.03327351,-0.00652802,0.02526523
0.0308091,-0.007426798,0.02736051
0.02886247,-0.007834733,0.02869638
0.02669057,-0.008529961,0.03046201
0.0249096,-0.009011686,0.03201231
0.02321811,-0.009741485,0.03352492
0.02168868,-0.01019531,0.03499056
0.02028462,-0.01050252,0.03633896
0.01874842,-0.01102352,0.03781769
0.01747635,-0.01125401,0.03910684
0.01625618,-0.0116601,0.04040395
0.01497723,-0.01201707,0.04171272
0.01403668,-0.01222956,0.04285393
0.01298848,-0.01262587,0.0439872
0.01229659,-0.0129528,0.04500391
0.011573,-0.01334059,0.04603047
0.0109434,-0.01370716,0.04701703
0.01044066,-0.0140729,0.04793027
0.01013999,-0.01443046,0.04877737
0.009893245,-0.0147751,0.04951056
0.009758051,-0.01516134,0.05028597
0.009913166,-0.01542085,0.05075045
0.009857138,-0.01570988,0.05135591
0.01018635,-0.01595461,0.05168124
0.0106817,-0.01614374,0.05187852
0.0109535,-0.01644808,0.05226157
0.01164655,-0.01657641,0.05223992
0.01226077,-0.01667875,0.05225066
0.01294619,-0.01677495,0.05207402
0.01373065,-0.01684052,0.05174007
0.01453974,-0.01682711,0.05130258
0.01549786,-0.01671946,0.0504493
0.01639792,-0.01678324,0.04995754
0.017448,-0.01656961,0.04881177
0.01853786,-0.01632935,0.04778022
0.01955667,-0.01610327,0.04658522
0.02068086,-0.01583534,0.04520265
0.02197241,-0.01565337,0.04382129
0.0231861,-0.01527447,0.0421603
0.02453836,-0.01491982,0.04042423
0.02592792,-0.01434165,0.03830042
0.02679301,-0.01318669,0.03626688
0.02834028,-0.0126062,0.03410995
0.0298578,-0.0118534,0.0317461
0.03148372,-0.01117796,0.02949555
0.03284999,-0.01007986,0.02708251
0.03450545,-0.009187162,0.02455541
0.03592316,-0.008409977,0.02236946
0.03759457,-0.007419169,0.01966249
0.03974312,-0.006130517,0.01603056
0.03974312,-0.006130517,0.01603056
0.04245509,-0.004619122,0.0117807
0.04414722,-0.003628194,0.009110781
0.04604699,-0.002774835,0.006184234
0.04788816,-0.001635969,0.003441535
0.04960326,-0.0003087521,0.0006689265
0.05144884,0.0009355545,-0.002120589
0.05306836,0.002350271,-0.00486985
0.05478858,0.003704965,-0.007674471
0.05646874,0.005137086,-0.01042532
0.05808571,0.006671846,-0.01322562
0.05968911,0.00810951,-0.01591152
0.0612438,0.009622574,-0.0186358
0.06273794,0.01111186,-0.02129176
0.06417374,0.01267278,-0.02395639
0.06556161,0.01410729,-0.02648764
0.06682831,0.01549828,-0.02894042
0.06803048,0.01684344,-0.03134689
0.06931259,0.01819676,-0.03370541
0.07052445,0.01931822,-0.03576567
0.07164952,0.02049911,-0.03773733
0.07285126,0.02152681,-0.0396
0.0739678,0.02251726,-0.04130756
0.07506559,0.02342069,-0.04281155
0.0760785,0.02418405,-0.04418641
0.07707909,0.02495056,-0.04554176
0.077935,0.02534813,-0.04643363
0.07886153,0.02597213,-0.0476159
0.07969384,0.0261541,-0.04836772
0.08041834,0.02646369,-0.04919233
0.08106302,0.02670139,-0.04990279
0.08169237,0.02676439,-0.0505805
0.08226265,0.02683091,-0.05116413
0.08285898,0.02684659,-0.05163686
0.08334685,0.0266425,-0.0517724
0.08366851,0.02646345,-0.05198113
0.0838423,0.02621382,-0.05194904
0.08413301,0.02604598,-0.05203121
0.084278,0.02564007,-0.05164175
0.08440571,0.02527773,-0.0514043
0.08448939,0.02486008,-0.05100017
0.08452665,0.02439946,-0.05052894
0.08458925,0.02392995,-0.05003125
0.08454501,0.0233916,-0.0493574
0.08449949,0.02289534,-0.04877801
0.08424461,0.02225941,-0.04793493
0.08396126,0.02171212,-0.04706259
0.08370519,0.02107173,-0.04623266
0.08316842,0.02050799,-0.04527773
0.08280293,0.01989204,-0.04439708
0.08223256,0.01919711,-0.04326711
0.08170137,0.0184989,-0.0422123
0.08111054,0.01779711,-0.04106665
0.08050963,0.01717418,-0.03995555
0.07988333,0.0164516,-0.03867786
0.0791306,0.01567513,-0.0372855
0.07829962,0.01492864,-0.03594756
0.07748948,0.01415896,-0.03456593
0.07662132,0.01337516,-0.0331595
0.07575094,0.01263893,-0.03173392
0.07477465,0.01191258,-0.03035215
0.07368281,0.01113689,-0.02891122
0.07262602,0.01031047,-0.02747904
0.07131952,0.009439588,-0.02579443
0.0703223,0.008830845,-0.02458373
0.06911956,0.008099735,-0.02312581
0.06782211,0.007376254,-0.02176668
0.06654407,0.006682038,-0.02035556
0.06519578,0.006046712,-0.01896807
0.06383324,0.005405247,-0.01764686
0.06241151,0.00483495,-0.01643776
0.06087772,0.004236639,-0.01528736
0.05935644,0.003576279,-0.01418049
0.05787434,0.00300622,-0.01307855
0.05632147,0.002490163,-0.01208633
0.054683,0.00202024,-0.01114063
0.05313304,0.0015046,-0.01014215
0.05160944,0.0009681582,-0.009153101
0.05005568,0.0005060434,-0.008271838
0.04856369,6.484985E-05,-0.007409663
0.04709105,-0.0002892613,-0.006629926
0.04552287,-0.0006955862,-0.005912506
0.04397821,-0.00110209,-0.005148434
0.04237225,-0.00141722,-0.00469141
0.04078909,-0.001754642,-0.004069642
0.03923773,-0.002077162,-0.003745194
0.03765486,-0.002331555,-0.003361274
0.03616563,-0.00250113,-0.003093704
0.03470979,-0.002805591,-0.002806693
0.03317031,-0.002901673,-0.00261475
0.03162799,-0.002903461,-0.002609171
0.03001408,-0.002778232,-0.002522244
0.02849005,-0.00270766,-0.002514269
0.02689071,-0.002499461,-0.002691178
0.02538317,-0.002409995,-0.002722716
0.02394339,-0.002127528,-0.002976328
0.02244715,-0.001888275,-0.003248947
0.02103597,-0.001547039,-0.003610204
0.01959552,-0.001329839,-0.003796079
0.01823092,-0.0009958744,-0.004137655
0.0167207,-0.0004948378,-0.004599651
0.01534046,-9.089708E-05,-0.005013226
0.01388604,0.0002746582,-0.00550323
0.01255275,0.0007534027,-0.005965884
0.01122632,0.001183927,-0.006517967
0.009828024,0.001664102,-0.007098685
0.008515572,0.002127171,-0.007692682
0.0071325,0.002596557,-0.008308212
0.005754389,0.003080428,-0.008937587
0.004394087,0.003569782,-0.009589075
0.003083159,0.004026949,-0.01016915
0.001757015,0.004493952,-0.01079386
0.0005249716,0.00489974,-0.01144153
-0.0007351845,0.005370557,-0.01201434
-0.001970839,0.005853057,-0.01253902
-0.003272649,0.0064798,-0.01311238
-0.004411783,0.006913841,-0.01352317
-0.005621688,0.007362187,-0.01388226
-0.00679451,0.007734597,-0.01420592
-0.007917707,0.008041799,-0.01435393
-0.009084531,0.008390665,-0.01459464
-0.01022014,0.00865823,-0.01485811
-0.01133916,0.008889556,-0.0148864
-0.01248691,0.009130359,-0.01487931
-0.01357972,0.009414852,-0.01474843
-0.01466968,0.009640992,-0.01449763
-0.01573969,0.009962142,-0.01435824
-0.01685871,0.01025486,-0.01409578
-0.01796473,0.01059294,-0.01376076
-0.01902585,0.0109207,-0.01324753
-0.02014326,0.01127607,-0.01286251
-0.0213303,0.01173073,-0.01243229
-0.02242082,0.01218945,-0.01183749
-0.02338321,0.01265067,-0.01117803
-0.0243612,0.01321614,-0.01044755
-0.02531421,0.01379657,-0.009689532
-0.02626425,0.01437283,-0.008892594
-0.02712842,0.01503825,-0.008003003
-0.02810371,0.0155732,-0.007166976
-0.02906968,0.01621759,-0.006347859
-0.03001123,0.01680201,-0.005293098
-0.03101498,0.01744908,-0.004338244
-0.03201395,0.01801986,-0.003281051
-0.03299126,0.01850998,-0.002049573
-0.03411053,0.01913601,-0.000983519
-0.0351547,0.01960218,0.0003934011
-0.03632224,0.02010089,0.001696271
-0.03740578,0.02061689,0.003380096
-0.03855066,0.02093893,0.004888838
-0.03973767,0.02130026,0.006569477
-0.04090296,0.0215221,0.008363055
-0.04224867,0.02182162,0.01026335
-0.04344044,0.02211392,0.01221022
-0.0447321,0.02228451,0.0144752
-0.04602618,0.02254748,0.01667258
-0.04737236,0.02267635,0.01937736
-0.04859712,0.02288008,0.02208235
-0.04985669,0.02301985,0.02522443
-0.05088777,0.02319175,0.02806714
-0.05187256,0.02335566,0.03141166
-0.05286384,0.02357274,0.03496086
-0.05393028,0.0238117,0.03828568
-0.05480603,0.02399218,0.04204698
-0.05555851,0.02444208,0.04597724
-0.05631938,0.0247274,0.04985012
-0.05700655,0.02517354,0.05394416
-0.05748865,0.02572471,0.05824742
-0.05794365,0.02617532,0.06253684
-0.05830024,0.02659822,0.06699349
-0.05874076,0.02711809,0.07136764
-0.05868009,0.02750695,0.07618986
-0.05886871,0.02789336,0.08090674
-0.05893642,0.02838969,0.08574207
-0.05874477,0.02863479,0.09071872
-0.05871195,0.02895629,0.09575973
-0.0582877,0.02903187,0.1010593
-0.05805972,0.02922404,0.1062051
-0.05754145,0.02916712,0.1117141
-0.0571616,0.02921218,0.1172047
-0.05668096,0.02916563,0.12275
-0.05616392,0.02908677,0.1284118
-0.05568668,0.02898288,0.1342429
-0.05499004,0.02886367,0.1402464
-0.05437151,0.02881664,0.1459497
-0.05348689,0.028696,0.1520351
-0.05268531,0.02862591,0.1580618
-0.05182404,0.02856755,0.1645011
-0.0505794,0.0284909,0.1708867
-0.04951249,0.02859712,0.1772658
-0.04793753,0.02855718,0.1838042
-0.04673745,0.02885002,0.1902083
-0.04506889,0.02879262,0.1968543
-0.04320165,0.02875906,0.2035796
-0.04100904,0.02870494,0.2103806
-0.03883461,0.02864718,0.2172621
-0.03676643,0.02843183,0.2241666
-0.03413581,0.02839297,0.2311231
-0.03169414,0.02846551,0.2382056
-0.02876203,0.02850431,0.2453284
-0.02607069,0.02852017,0.2523381
-0.02324663,0.02893245,0.2594512
-0.02005404,0.02901036,0.2666655
-0.01636667,0.02874941,0.2742624
-0.01283551,0.0287956,0.2816135
-0.008772923,0.02766865,0.2895911
-0.00477726,0.02756774,0.2971348
-0.001099764,0.02736276,0.3043953
0.002698391,0.0275715,0.3121511
0.00674682,0.02728564,0.3195448
0.01090249,0.02716899,0.3272071
0.01507854,0.02686095,0.3348566
0.01925785,0.0264166,0.3424489
0.0233093,0.02622938,0.3503342
0.02759417,0.0255903,0.3578201
0.03208506,0.02498806,0.3654653
0.03669664,0.02441347,0.3732202
0.04128281,0.02340859,0.3805729
0.04602635,0.02258331,0.3881592
0.05089704,0.02159256,0.395746
0.05570954,0.02077556,0.4032643
0.06134339,0.01965803,0.4112606
0.06548368,0.01945019,0.4185157
0.07078543,0.01851255,0.4256889
0.0763475,0.01754111,0.4325861
0.08174387,0.01678729,0.4395852
0.08701152,0.01532632,0.4459398
0.09253462,0.01456285,0.4526017
0.0981573,0.01358956,0.4589992
0.1040629,0.01227993,0.4657287
0.1091649,0.01134896,0.4709186
0.1146856,0.009730697,0.4769778
0.1201376,0.009035289,0.4825024
0.126197,0.007679999,0.4884471
0.1302506,0.007085204,0.4924807
0.1348622,0.006220758,0.4971996
0.1394031,0.005109608,0.5018488
0.1435126,0.004368186,0.5060952
0.1472914,0.003269315,0.5100001
0.1508077,0.002627492,0.5136676
0.1539425,0.001875043,0.5169666
0.1567602,0.001211286,0.5199555
0.159253,0.0005642772,0.52252
0.1608613,-5.435944E-05,0.5241027
0.16259,-0.0006254911,0.5260942
0.1638373,-0.001375496,0.5273989
0.1646125,-0.00163877,0.5288244
0.1651185,-0.0020594,0.5296919
0.1655233,-0.002568841,0.5304405
0.1652876,-0.002813697,0.530839
0.1648862,-0.003370881,0.5307302
0.164161,-0.003576159,0.5304663
0.1631264,-0.003895223,0.5297914
0.1618156,-0.00437361,0.5286312
0.1597396,-0.004531682,0.5269299
0.1578101,-0.00510627,0.5252423
0.1557269,-0.005268276,0.523508
0.153378,-0.005901456,0.5215573
0.150778,-0.006182849,0.5193465
0.147809,-0.006575346,0.5169412
0.1445677,-0.006916285,0.5142773
0.1408617,-0.007108569,0.5110061
0.137181,-0.007815957,0.5079452
0.1335562,-0.007982075,0.5049915
0.1292251,-0.008208215,0.5015485
0.1242552,-0.008157611,0.4975512
0.1194755,-0.008152246,0.4937773
0.114307,-0.008121431,0.4898424
0.1089829,-0.007953346,0.4857009
0.1034768,-0.007666588,0.4812784
0.09779634,-0.007282853,0.4769169
0.09178273,-0.006762862,0.4720882
0.08599934,-0.006139934,0.4674642
0.08017755,-0.005407155,0.4627074
0.07456803,-0.004534543,0.4580074
0.06890919,-0.003720105,0.4533219
0.06312504,-0.002421677,0.4482101
0.05753582,-0.001302481,0.4429559
0.0515092,0.0003641844,0.4372348
0.04652812,0.001873136,0.4324784
0.04111046,0.003603101,0.4271143
0.03572777,0.005558789,0.4216025
0.03060608,0.007294774,0.4162516
0.02543238,0.009563029,0.4106782
0.02047618,0.01160616,0.4053154
0.01547571,0.01432508,0.3996604
0.01065767,0.01753992,0.3944619
0.005711223,0.02021146,0.3889313
0.000821186,0.02292478,0.3832753
-0.003960294,0.02570206,0.3778152
-0.008710626,0.02895403,0.3723474
-0.01327534,0.03216702,0.3670941
-0.01776863,0.0356223,0.3615766
-0.02214556,0.03903192,0.3561566
-0.02646163,0.04260665,0.3506719
-0.03049248,0.04618603,0.3455588
-0.03461659,0.04976571,0.340231
-0.03850381,0.05341589,0.3351607
-0.04218027,0.05710942,0.3300963
-0.0457359,0.06081742,0.3253185
-0.04910761,0.06448263,0.3205044
-0.05235932,0.0682795,0.3158282
-0.0550859,0.0717032,0.3115783
-0.05806683,0.07523471,0.3071279
-0.06055194,0.0788098,0.3030775
-0.06267911,0.08205462,0.299248
-0.0648973,0.08533239,0.2955871
-0.06685297,0.08845764,0.2920239
-0.06874458,0.09161377,0.2886939
-0.07037193,0.09461981,0.2855185
-0.07183527,0.0974955,0.2825571
-0.0732597,0.1002761,0.2797733
-0.07431027,0.1028082,0.2772179
-0.07533249,0.1052229,0.2749231
-0.07566146,0.1070351,0.2730163
-0.07618337,0.1089222,0.2709939
-0.0763188,0.1104887,0.2691885
-0.07618059,0.111756,0.2676006
-0.0759722,0.1129382,0.2660779
-0.07518011,0.1132486,0.2650508
-0.07471691,0.113788,0.2638754
-0.07387898,0.1138043,0.2630475
-0.073103,0.1139319,0.2621672
-0.07208131,0.113565,0.2616359
-0.0705055,0.1122435,0.2616546
-0.06900557,0.1112829,0.2615193
-0.06724367,0.1097404,0.2616751
-0.06533684,0.107973,0.2620152
-0.06316213,0.1057266,0.2625812
-0.06085781,0.1031712,0.2633832
-0.05844048,0.1003079,0.2645318
-0.05562888,0.09674543,0.2661121
-0.05282138,0.09351963,0.2676136
-0.05000743,0.08996385,0.2693955
-0.04720764,0.08654171,0.2711068
-0.04401245,0.08262134,0.2736948
-0.04086186,0.07871395,0.2761833
-0.03718873,0.07436049,0.2792847
-0.0338272,0.07028675,0.2822517
-0.0338272,0.07028675,0.2822517
-0.02779333,0.06317836,0.2881077
-0.0243031,0.05904371,0.2917025
-0.02072877,0.05492866,0.2956768
-0.01715231,0.05075568,0.2998162
-0.01306018,0.04612029,0.3048464
-0.009801717,0.04242998,0.3090372
-0.006238802,0.03839338,0.3138809
-0.0026776,0.03448254,0.3188734
0.0008742654,0.03070205,0.3240167
0.004431928,0.02710038,0.3294312
0.007909269,0.02365613,0.3348141
0.01138679,0.02033925,0.340347
0.01491825,0.0168069,0.3461201
0.01828352,0.01393145,0.3519258
0.02174193,0.01080191,0.3576424
0.02498136,0.008038461,0.3634935
0.02830596,0.005232573,0.3692265
0.03163569,0.002812386,0.3750212
0.03470815,0.0009748936,0.3806159
0.03778245,-0.001143456,0.3862046
0.04092038,-0.002698779,0.391505
0.04382977,-0.00437206,0.3968064
0.04688468,-0.00584501,0.4020619
0.04973383,-0.006948829,0.4071127
0.05236935,-0.007986307,0.4119779
0.05509335,-0.009148717,0.4169943
0.05783523,-0.01057088,0.4221609
0.06040253,-0.01168817,0.4272123
0.06292257,-0.01277494,0.4321855
0.065261,-0.01377451,0.4371344
0.06767412,-0.0147354,0.4419761
0.07009583,-0.01578861,0.446911
0.07248265,-0.01678735,0.4517102
0.0748151,-0.01771867,0.4565112
0.07711115,-0.01868391,0.4611353
0.08298291,-0.02328008,0.4688322
0.08521105,-0.02447504,0.4734535
0.08731878,-0.02545589,0.4774979
0.08954424,-0.02653235,0.4818216
0.09178934,-0.02749574,0.4856624
0.09399933,-0.02831471,0.4896896
0.09610986,-0.02927989,0.4934525
0.09831171,-0.03011692,0.4971286
0.1004651,-0.03102267,0.5007959
0.1024861,-0.03180367,0.5039869
0.1044243,-0.03266388,0.5068755
0.1062275,-0.0333755,0.5095322
0.1080597,-0.03396541,0.511892
0.1097542,-0.03459525,0.5138525
0.1114701,-0.03506744,0.5154511
0.1130457,-0.035537,0.5166646
0.1144941,-0.03575432,0.51688
0.1159355,-0.03610903,0.5176572
0.117031,-0.03632599,0.5166573
0.1181457,-0.03646016,0.5159214
0.1193125,-0.0366919,0.5152919
0.1201337,-0.03660733,0.5134455
0.1207825,-0.03631735,0.5110211
0.1210608,-0.03540331,0.5066503
0.1212948,-0.03500706,0.503211
0.1213401,-0.03447813,0.499373
0.1210801,-0.03364855,0.4945579
0.1210293,-0.03313762,0.4906388
0.1201895,-0.0324949,0.485139
0.1197184,-0.03185409,0.4803714
0.1183978,-0.03088647,0.4740211
0.1174254,-0.03012043,0.4681
0.1160727,-0.0290215,0.4618674
0.1147445,-0.02810395,0.4551932
0.1131804,-0.02675229,0.4484469
0.1116375,-0.02545822,0.4413522
0.1098433,-0.02406389,0.4333902
0.1082532,-0.02237892,0.4260178
0.106613,-0.02095962,0.4181104
0.1050626,-0.01905066,0.41029
0.1035795,-0.01750916,0.402101
0.1021661,-0.01577818,0.3941603
0.1010334,-0.01339132,0.3855219
0.09990385,-0.01157653,0.3769735
0.09919713,-0.009221137,0.3684248
0.09834262,-0.007090032,0.3598
0.09752072,-0.004994333,0.3513423
0.09714133,-0.002661467,0.3425052
0.09692535,-0.0001314878,0.3338433
0.09675373,0.002380669,0.325153
0.09668185,0.004864216,0.3164092
0.0968346,0.007523179,0.307753
0.09720375,0.01021338,0.299041
0.09729005,0.01275992,0.2905155
0.09794442,0.01554596,0.28196
0.09837026,0.01826632,0.2734717
0.09919637,0.02104253,0.2650925
0.09999018,0.02385795,0.2566091
0.1012652,0.02699631,0.2485334
0.1025552,0.02997202,0.2403506
0.1038075,0.03309959,0.2322648
0.1053534,0.03611308,0.2243061
0.1070014,0.03916633,0.2163589
0.1085483,0.04225832,0.208573
0.1106876,0.04543668,0.2009524
0.1125961,0.04859072,0.1933254
0.1148178,0.05179971,0.1858155
0.1168775,0.05491823,0.1783164
0.1190881,0.05805773,0.1711497
0.1216931,0.06119788,0.1641663
0.1240984,0.0642283,0.1573081
0.1267985,0.06732023,0.1505469
0.1298064,0.07029974,0.143779
0.1327379,0.07320541,0.1375918
0.1356743,0.07618093,0.1314883
0.1389972,0.07904965,0.1255227
0.1424335,0.08181816,0.1198326
0.1460164,0.08435243,0.1143214
0.1498447,0.08678854,0.1092686
0.1534163,0.08936226,0.1039202
0.1580096,0.09059459,0.09914377
0.1618618,0.09277165,0.09450926
0.1658037,0.0949555,0.09015574
0.1699948,0.09673649,0.08627134
0.1743732,0.09824282,0.08229982
0.1784888,0.09987611,0.07869195
0.1827656,0.1013988,0.07524692
0.1870813,0.1025296,0.07245645
0.19135,0.1036621,0.06954686
0.1954454,0.1048946,0.06648652
0.1997586,0.1054174,0.06440444
0.2037709,0.1060669,0.06207744
0.2080006,0.1064666,0.06018575
0.2120549,0.1068461,0.0584787
0.2162362,0.1071787,0.05675283
0.220392,0.1067765,0.05605076
0.2245919,0.1065549,0.05503023
0.2283833,0.1060181,0.05451835
0.2323542,0.1052272,0.05390704
0.2361931,0.1043048,0.05374942
0.2399295,0.1032082,0.05378372
0.2437944,0.101701,0.05387425
0.2470454,0.1001589,0.05446078
0.2500354,0.09919554,0.05509724
0.2530836,0.09778279,0.05572262
0.2558227,0.09649098,0.05619552
0.2587219,0.0951215,0.05686187
0.2609829,0.09348363,0.05811449
0.2631446,0.09205681,0.05930318
0.2650293,0.09034783,0.06082861
0.2672068,0.0887385,0.06211492
0.2687834,0.08707273,0.06367716
0.2700047,0.08498895,0.06561013
0.2715546,0.08302778,0.06725954
0.2723074,0.08062321,0.06944158
0.2731799,0.07813674,0.07104927
0.2738817,0.07581073,0.07340928
0.2745189,0.07312644,0.07566228
0.2747911,0.07069111,0.07817438
0.2749103,0.06801659,0.08076962
0.2748973,0.0652805,0.08347299
0.2743688,0.0623787,0.08643111
0.274174,0.05966622,0.08924663
0.2731888,0.05676562,0.09248076
0.2726119,0.05389237,0.09552583
0.2717464,0.05066049,0.09870911
0.2705624,0.04757756,0.1021444
0.2692882,0.0444333,0.1055145
0.2672508,0.04087955,0.1098358
0.2660704,0.03812438,0.1126576
0.2644033,0.03498149,0.1164783
0.2624765,0.0319339,0.120206
0.260463,0.02907717,0.123912
0.2580476,0.02626938,0.1276997
0.2560086,0.02340573,0.131308
0.2533954,0.02081454,0.135058
0.2508712,0.01813632,0.1387606
0.248108,0.01566964,0.1425466
0.2453108,0.01330626,0.1461238
0.2424079,0.01108587,0.1498589
0.2394495,0.009104848,0.1534289
0.2366945,0.006851971,0.1569325
0.2336085,0.005119979,0.1604742
0.2306284,0.003488421,0.1637519
0.2277017,0.001808405,0.1672451
0.2247404,0.0004884601,0.1703762
0.2218159,-0.0008990765,0.1735992
0.2190216,-0.00212723,0.1766277
0.2161577,-0.003413141,0.1795613
0.2133747,-0.00453192,0.1825358
0.2107942,-0.005484581,0.1852516
0.2081491,-0.00650388,0.1882917
0.2057926,-0.007187068,0.1908913
0.2032694,-0.008064806,0.1936622
0.2010928,-0.008616149,0.1961574
0.1988951,-0.009218693,0.1986199
0.1967524,-0.009707272,0.2008844
0.1947539,-0.01013768,0.2031284
0.1926781,-0.01070976,0.2053821
0.1910818,-0.01095843,0.2073143
0.1893649,-0.01128256,0.209239
0.1877408,-0.01161224,0.2111075
0.1862724,-0.01184332,0.2127839
0.1847761,-0.01225865,0.2145409
0.1835314,-0.01251644,0.2159649
0.1821359,-0.01280618,0.2175628
0.1811535,-0.01300389,0.2187405
0.1801186,-0.01321071,0.2199416
0.1791228,-0.01350373,0.2212095
0.1785732,-0.01366872,0.2218348
0.1777972,-0.01398057,0.2228224
0.177195,-0.0141806,0.22349
0.1766882,-0.01436269,0.2240227
0.1763357,-0.01453322,0.2243877
0.1761025,-0.01464587,0.224534
0.1760232,-0.01482153,0.2246218
0.1762063,-0.01486254,0.2242739
0.1764004,-0.01501429,0.2241088
0.1766798,-0.0150423,0.2236796
0.1770994,-0.01502627,0.2230802
0.1777748,-0.01504743,0.2223388
0.1784899,-0.01492512,0.2214246
0.1794689,-0.01485085,0.2203816
0.1806549,-0.01458389,0.2189302
0.1816076,-0.01440382,0.217764
0.1830067,-0.01425946,0.216287
0.1846349,-0.01385415,0.2144011
0.1862792,-0.01360637,0.2127182
0.1879749,-0.0131799,0.2108066
0.1897483,-0.0126946,0.2087822
0.1916754,-0.01218754,0.2066617
0.1936954,-0.01164055,0.2045035
0.1958885,-0.0110693,0.2022838
0.1983388,-0.0103547,0.199829
0.2005998,-0.009823859,0.197688
0.2032774,-0.008989811,0.1951453
0.2056521,-0.008046985,0.192539
0.2061492,-0.004993498,0.1887051
0.2088497,-0.004027128,0.1861292
0.2116273,-0.003030896,0.1836169
0.2144785,-0.001972079,0.1810485
0.2173765,-0.0008886456,0.1784831
0.2203587,0.0005354285,0.1758003
0.2233917,0.001747191,0.1733194
0.2265107,0.003006637,0.1707938
0.2296895,0.004282475,0.1683666
0.2332801,0.005719602,0.1657054
0.23644,0.006987929,0.1635079
0.239582,0.008258104,0.1614038
0.2429453,0.00959152,0.1593378
0.2464157,0.01106197,0.1573145
0.2498692,0.01242876,0.1551783
0.25333,0.01393396,0.1531959
0.2581219,0.01599073,0.1506979
0.2581219,0.01599073,0.1506979
0.2627172,0.0180757,0.1483317
0.2669309,0.0199185,0.1462753
0.2701315,0.02140594,0.1447418
0.2732948,0.022861,0.1434155
0.2764005,0.02438366,0.1420271
0.2795017,0.02589816,0.1406278
0.2825066,0.02736604,0.1395332
0.2852916,0.02885717,0.1385244
0.288147,0.03023249,0.1376379
0.2907481,0.03167439,0.13687
0.2934596,0.0330742,0.1360307
0.2959038,0.03445679,0.1353825
0.2982724,0.03582323,0.1348286
0.3004926,0.03710651,0.1344
0.3024453,0.03829938,0.1342088
0.3043272,0.03951919,0.1338841
0.3061763,0.04066187,0.1337683
0.3079986,0.04174566,0.1337988
0.3094174,0.04272836,0.1339875
0.310977,0.0437569,0.1340384
0.3122459,0.04463291,0.1343096
0.3133496,0.04549485,0.1346443
0.3142165,0.04624122,0.1350616
0.3146781,0.04680473,0.1356147
0.315045,0.04743195,0.1360958
0.3153264,0.04786229,0.1366959
0.3154443,0.0482043,0.1374149
0.3153346,0.04827482,0.1381483
0.3150167,0.04830277,0.1389916
0.3141989,0.04808551,0.1399562
0.3134741,0.04783815,0.1409639
0.3128376,0.04765403,0.1419402
0.3117299,0.04714954,0.1431049
0.3104369,0.04651904,0.1442986
0.3086236,0.04555589,0.14557
0.306904,0.04463249,0.1468477
0.3052815,0.04379618,0.1481095
0.3029405,0.04253614,0.149537
0.3007415,0.04141492,0.1509763
0.2987442,0.04008657,0.1525469
0.2962945,0.03880459,0.1541512
0.2936385,0.03742999,0.1557219
0.2909606,0.03600252,0.1574921
0.2881757,0.03449661,0.1593715
0.2853116,0.03286868,0.1613318
0.2822236,0.03118503,0.1635102
0.2792826,0.02953809,0.1656698
0.27621,0.02786356,0.1679631
0.2731963,0.02622825,0.1702588
0.2699469,0.02448434,0.1726138
0.2668107,0.02282453,0.1752132
0.2639828,0.02102941,0.1780325
0.2608539,0.01949924,0.180931
0.2574285,0.01832008,0.1831531
0.2543975,0.01689255,0.186021
0.2516006,0.01540667,0.1891849
0.2486181,0.01404387,0.1920986
0.2457007,0.01276839,0.1952028
0.2422234,0.01180899,0.1979071
0.2393731,0.01060468,0.2009734
0.236491,0.009393871,0.2041236
0.2331951,0.008295953,0.2069778
0.230255,0.007125437,0.2102467
0.2274469,0.006174564,0.2131311
0.2248302,0.005190015,0.2162452
0.2221286,0.004285574,0.2192897
0.2197038,0.003334165,0.2224157
0.2174557,0.002400041,0.2254834
0.215382,0.001354158,0.2284596
0.2133606,0.0003881454,0.2314227
0.2112424,-0.0006412864,0.234255
0.2094117,-0.001623333,0.2370154
0.2077541,-0.002568662,0.2397225
0.2066417,-0.003382683,0.2419997
0.2056198,-0.004153848,0.2444485
0.204592,-0.005067348,0.2469331
0.2044987,-0.005754948,0.2488873
0.2039085,-0.006543279,0.2511087
0.2039668,-0.007161975,0.25225
0.2040627,-0.007838428,0.2536222
0.2036542,-0.00845629,0.2547578
0.2043817,-0.008866549,0.2550258
0.2047364,-0.008780718,0.2550139
0.2056398,-0.008977294,0.2549995
0.2067602,-0.009034276,0.2546634
0.2080905,-0.008217514,0.2532322
0.2096276,-0.007986844,0.2523041
0.2109946,-0.007381797,0.2509755
0.2127694,-0.006967902,0.2495483
0.2145543,-0.006456316,0.2478563
0.2163149,-0.005481422,0.2459182
0.2182358,-0.00472939,0.243766
0.2198991,-0.003521442,0.2413439
0.221826,-0.002422273,0.2384937
0.2234885,-0.0007166862,0.2350028
0.2234885,-0.0007166862,0.2350028
0.2262673,0.00102973,0.2304217
0.2275757,0.002221704,0.2271316
0.2292348,0.003379047,0.2239594
0.2307663,0.00448519,0.2210278
0.2323002,0.005741596,0.2174768
0.2338629,0.007033944,0.2139998
0.2353517,0.008322775,0.2106657
0.2368499,0.009908557,0.206744
0.2383955,0.01134777,0.2031378
0.2398345,0.01301521,0.1990941
0.2413165,0.01456225,0.1952708
0.2428911,0.01587856,0.1916266
0.2441722,0.0175786,0.1874664
0.2454542,0.01909095,0.1835178
0.2467331,0.02100623,0.178947
0.2479,0.02253312,0.1751841
0.249006,0.02450788,0.1706651
0.2501702,0.02636075,0.166366
0.2512549,0.02834743,0.1617015
0.252224,0.03044945,0.1570365
0.253221,0.03257179,0.1522967
0.2540573,0.0347755,0.1474849
0.2549283,0.03701437,0.1427675
0.255686,0.03941876,0.1378076
0.2564299,0.04194444,0.1327311
0.2571771,0.04450512,0.1276987
0.2578301,0.0472796,0.1223849
0.2587286,0.04969591,0.1174493
0.2593148,0.05268383,0.1120836
0.2599111,0.05562413,0.1068177
0.2603149,0.05870348,0.1013701
0.2608791,0.06213313,0.09559067
0.2614107,0.06509775,0.09066598
0.2618315,0.06844926,0.08539745
0.2621436,0.07188851,0.08004298
0.2624265,0.07542914,0.07487069
0.2628013,0.07888371,0.06965164
0.263206,0.08199662,0.06491011
0.263467,0.08545291,0.05998815
0.2635509,0.08911824,0.05508772
0.2638173,0.09252024,0.05044419
0.2640081,0.09591275,0.04578632
0.2642859,0.09924883,0.041319
0.2646011,0.1025202,0.03696829
0.2649095,0.1057622,0.03260561
0.2653554,0.1089306,0.02854852
0.2657106,0.1120179,0.024307
0.2662351,0.1150412,0.02038205
0.266696,0.1181217,0.01635024
0.2670922,0.1210396,0.01245267
0.2676878,0.1236586,0.008814133
0.2681699,0.1263635,0.005136353
0.2687427,0.1288421,0.001688993
0.2693219,0.1314281,-0.001917737
0.2699311,0.1338212,-0.005225646
0.2705183,0.1360877,-0.008413726
0.2709329,0.138182,-0.01138974
0.2715675,0.1402749,-0.01431119
0.2721528,0.1425614,-0.01751418
0.2728716,0.1451121,-0.02114963
0.2728716,0.1451121,-0.02114963
0.2733345,0.1474097,-0.02448828
0.2737317,0.1494316,-0.02750255
0.2737747,0.1510133,-0.02996595
0.2739973,0.1522308,-0.03215078
0.2742922,0.1535936,-0.03443908
0.2745356,0.1546276,-0.03655763
0.2747095,0.1554123,-0.03857579
0.2748457,0.1562508,-0.0406703
0.2747239,0.1569895,-0.04289376
0.2747207,0.1577432,-0.04495346
0.274366,0.1579981,-0.04698017
0.2742108,0.1582383,-0.04896696
0.2736686,0.1580116,-0.05091289
0.273248,0.1580319,-0.05290721
0.272366,0.1571534,-0.05508748
0.2718525,0.1566697,-0.056715
0.2742625,0.1519827,-0.05615389
0.2735061,0.1500749,-0.0575728
0.2725234,0.1484163,-0.05908988
0.271705,0.1462992,-0.06044194
0.2708413,0.1440695,-0.06176682
0.2697392,0.1413687,-0.06299189
0.2685603,0.1381427,-0.06410716
0.2673687,0.135352,-0.06492749
0.2659963,0.1318745,-0.06561904
0.2644509,0.1281285,-0.06615607
0.2626385,0.1245376,-0.06705654
0.2605647,0.120012,-0.0669628
0.2582499,0.1157442,-0.06706362
0.2553035,0.1109143,-0.06667712
0.2525156,0.1060764,-0.06617773
0.2493507,0.1009599,-0.06545098
0.2462475,0.09596056,-0.06478319
0.2422899,0.09078449,-0.0637053
0.237565,0.08500701,-0.06203109
0.2322157,0.07979041,-0.06055243
0.2272069,0.07438874,-0.0587537
0.2209451,0.06971204,-0.05687209
0.2153701,0.06452399,-0.05462849
0.2093225,0.05953717,-0.0519157
0.2031634,0.05504203,-0.04971886
0.1970273,0.05043578,-0.0467575
0.1908686,0.04614443,-0.04417662
0.184766,0.04178357,-0.04130199
0.1785569,0.03748268,-0.03835554
0.1723248,0.03333533,-0.03553801
0.1659504,0.0294767,-0.032688
0.1596123,0.02569854,-0.02990835
0.1529895,0.02215618,-0.02719479
0.1462927,0.01890481,-0.02458387
0.139583,0.01599056,-0.02211735
0.1327983,0.01305789,-0.01948358
0.1262024,0.009904444,-0.01668948
0.1193985,0.007271469,-0.01392333
0.1130107,0.004723132,-0.0110197
0.1066666,0.002299547,-0.007966131
0.1004939,3.59416E-05,-0.004801499
0.09478746,-0.002415061,-0.001540585
0.08923946,-0.004268765,0.001819106
0.08375219,-0.006678522,0.004999877
0.07867631,-0.008167028,0.008135011
0.07377698,-0.009976685,0.01117102
0.06853459,-0.01159519,0.01426968
0.06406935,-0.01272744,0.01721223
0.05960986,-0.01402909,0.020174
0.05540804,-0.01506305,0.02301234
0.05148566,-0.01606601,0.02578844
0.04804955,-0.01679879,0.02837147
0.04414603,-0.01771885,0.03107734
0.04081903,-0.01845962,0.03354722
0.03792947,-0.01896262,0.03566489
0.03454911,-0.01971322,0.03818904
0.03230698,-0.02014327,0.04004677
0.02955052,-0.02047944,0.04212764
0.02721945,-0.02097422,0.04405289
0.02504496,-0.02147824,0.04590681
0.02274706,-0.02202237,0.04788211
0.02130593,-0.02249396,0.04940781
0.01957676,-0.0228743,0.0511093
0.01864936,-0.02331686,0.05240448
0.01748748,-0.0237608,0.05387916
0.01637908,-0.02433449,0.05544629
0.01549251,-0.02478588,0.05668307
0.01520226,-0.02526337,0.05775086
0.01452701,-0.02581269,0.05899789
0.0145298,-0.02616251,0.05966946
0.01458077,-0.02675974,0.06048051
0.01480623,-0.02737534,0.06111616
0.01514915,-0.02781737,0.06152766
0.01595833,-0.02843815,0.06136626
0.01628929,-0.02879393,0.06160624
0.01732288,-0.0294286,0.06083363
0.01796762,-0.03003365,0.06051601
0.01885742,-0.03044814,0.05952816
0.0201424,-0.03108382,0.05785308
0.02134331,-0.03158069,0.05640183
0.02264277,-0.03213084,0.05460912
0.0240116,-0.03251034,0.05265923
0.02558887,-0.03295344,0.05038418
0.02739727,-0.03338563,0.04783037
0.02916128,-0.03362149,0.04534533
0.03143346,-0.03389645,0.04231972
0.03332952,-0.03405827,0.03968613
0.03602776,-0.03420722,0.036414
0.03859104,-0.03417176,0.03323546
0.0410743,-0.03440702,0.03016575
0.04427697,-0.03438073,0.02663388
0.04704339,-0.03390306,0.02383617
0.05032894,-0.03378528,0.0203473
0.05382523,-0.03354967,0.01676168
0.05715369,-0.03273147,0.01324413
0.06092001,-0.03226519,0.009531867
0.0647964,-0.03135908,0.005442729
0.06912613,-0.03048342,0.001416274
0.07308593,-0.02977663,-0.002390517
0.07785695,-0.02858239,-0.006944171
0.08198598,-0.02757525,-0.01071574
0.08655355,-0.02653563,-0.01492439
0.09125352,-0.02529615,-0.01916174
0.09584095,-0.02393174,-0.02350543
0.1008995,-0.02229911,-0.02796052
0.1056545,-0.02084875,-0.03218901
0.110918,-0.0196296,-0.03650356
0.1160784,-0.01783764,-0.04097291
0.1213262,-0.01595616,-0.04549219
0.1266471,-0.01376075,-0.05005508
0.1318457,-0.01162952,-0.05446309
0.1372717,-0.009451449,-0.05911428
0.1426187,-0.007438302,-0.06331202
0.1478747,-0.005029261,-0.06767768
0.1530632,-0.002545178,-0.07192934
0.1585673,-2.938509E-05,-0.07612769
0.1637108,0.002732635,-0.08013275
0.1688954,0.005247176,-0.08426429
0.1739561,0.007987857,-0.08805885
0.1786729,0.01074743,-0.09131534
0.1839684,0.01343149,-0.09463026
0.1888448,0.01623923,-0.09777494
0.1936249,0.01902199,-0.1005565
0.1983143,0.02193749,-0.1035572
0.2027465,0.0247339,-0.1055965
0.2072866,0.02758229,-0.107983
0.2117869,0.03031617,-0.109857
0.2163082,0.03282446,-0.1115558
0.2205684,0.03532827,-0.1128416
0.2247559,0.03775167,-0.1138808
0.2289906,0.04007435,-0.11476
0.2330958,0.04223043,-0.1152127
0.2372666,0.04401195,-0.1152906
0.2412106,0.04581815,-0.1151236
0.2449505,0.04725373,-0.1142557
0.2488274,0.04880434,-0.1139162
0.2523556,0.04976618,-0.1124027
0.2558474,0.05076426,-0.1109797
0.2592221,0.0515973,-0.1092736
0.2624721,0.0522508,-0.1073583
0.2652429,0.05226868,-0.104653
0.2681971,0.05243182,-0.102281
0.2707882,0.05222434,-0.0993436
0.2734813,0.05194294,-0.09638742
0.2760429,0.05170429,-0.09348883
0.277898,0.05056596,-0.08950324
0.2799921,0.04967755,-0.08609621
0.2815919,0.04850924,-0.08232258
0.283353,0.04724693,-0.07870442
0.2845857,0.04576194,-0.07473587
0.2857517,0.04415625,-0.07084049
0.2868287,0.04247886,-0.06697581
0.2874853,0.04060841,-0.06296109
0.2881592,0.038719,-0.05881292
0.2884929,0.03668338,-0.05457297
0.2884121,0.03456974,-0.05005729
0.2884801,0.03243786,-0.04566837
0.2881882,0.03051627,-0.04111199
0.2877546,0.02866739,-0.03644282
0.2872978,0.02693731,-0.03197202
0.2862993,0.02524883,-0.02718831
0.2857046,0.02320188,-0.02241993
0.2844494,0.02193224,-0.01773716
0.2835108,0.02050203,-0.01303099
0.2825195,0.01920027,-0.008465758
0.2812541,0.01850653,-0.004296602
0.2804267,0.017519,-0.0001112051
0.279727,0.0171659,0.00303867
0.279049,0.01690024,0.005746943
0.2787042,0.01666504,0.007617534
0.2786328,0.0164935,0.008397463
0.2785993,0.01663071,0.008335358
0.2789462,0.01661354,0.007548664
0.2793333,0.01706433,0.005979594
0.280284,0.01750612,0.003220923
0.2807344,0.01769358,0.002094234
0.2816703,0.01875478,-0.00116662
0.2822893,0.01944005,-0.002911446
0.2829707,0.02038056,-0.005682125
0.2836976,0.02115643,-0.007682226
0.2839918,0.02188528,-0.009008314
0.2846148,0.02220589,-0.01110617
0.2850541,0.02276945,-0.01235445
0.2856154,0.02268368,-0.01396126
0.28575,0.02278757,-0.01514286
0.2856215,0.02230722,-0.01592446
0.2852974,0.02181184,-0.01649092
0.2852445,0.02118915,-0.01701757
0.2849203,0.02067238,-0.01734209
0.2847777,0.02027875,-0.01756783
0.2846151,0.01935631,-0.01750165
0.2841972,0.01874363,-0.01745651
0.2840447,0.01821065,-0.01747585
0.2836066,0.01733983,-0.01690408
0.2834438,0.01676178,-0.01679937
0.2828754,0.01596934,-0.01579338
0.2825217,0.01530308,-0.01517647
0.2819771,0.01455212,-0.01407093
0.2814558,0.01390356,-0.01297296
0.2812036,0.01324624,-0.01221935
0.2805714,0.01278079,-0.01069557
0.2802804,0.01231647,-0.009388044
0.2797719,0.01189369,-0.007892375
0.2793887,0.0114972,-0.006645101
0.2786675,0.01147383,-0.005732964
0.2783587,0.01124531,-0.004795656
0.2780262,0.01090801,-0.003853465
0.2778579,0.01069206,-0.003179241
0.27763,0.01057458,-0.002669722
0.2774778,0.01049322,-0.002331008
0.2774145,0.01049942,-0.002211422
0.2772833,0.01066583,-0.00233499
0.2772264,0.01075709,-0.002552885
0.2773092,0.01091248,-0.002884491
0.2773929,0.01109642,-0.003575661
0.2774732,0.01129311,-0.004257199
0.2776568,0.01142514,-0.005174138
0.2777675,0.01164883,-0.006085232
0.2778055,0.01187748,-0.006483984
0.2776974,0.01220125,-0.007534605
0.2777228,0.01247054,-0.007802566
0.2778493,0.0124312,-0.008115971
0.2778055,0.01258004,-0.008315788
0.2779744,0.01254416,-0.00831233
0.2778548,0.01257843,-0.008101969
0.2778017,0.01265281,-0.008180591
0.2777224,0.01256049,-0.007850296
0.2775784,0.0125767,-0.007561057
0.2776154,0.01248682,-0.007183201
0.2774549,0.01245666,-0.006829999
0.2775374,0.01247644,-0.006652781
0.2772921,0.01239932,-0.006102268
0.277221,0.01231277,-0.005808872
0.2770984,0.01208937,-0.005331579
0.2769018,0.01198184,-0.004934675
0.2767848,0.0119285,-0.00451406
0.2765951,0.01181006,-0.004180586
0.2765104,0.01170844,-0.003890781
0.2762893,0.01176023,-0.00365585
0.2761461,0.01171893,-0.003441883
0.2760678,0.01171172,-0.003429417
0.275947,0.01172459,-0.003356823
0.2758043,0.01169544,-0.003194822
0.2757045,0.01177025,-0.003361004
0.2755595,0.01179123,-0.00330291
0.2754321,0.01180494,-0.00348345
0.2752667,0.01183629,-0.003523541
0.2750675,0.01188052,-0.003562388
0.2748319,0.01190013,-0.003628247
0.2747181,0.01196712,-0.003601072
0.2744779,0.01194054,-0.003689291
0.2742924,0.0119887,-0.003701064
0.2740327,0.01204181,-0.003718825
0.2737561,0.01212716,-0.00379815
0.2735907,0.01219821,-0.003857232
0.2729805,0.0123899,-0.004130755
0.2727233,0.01245648,-0.004160076
0.2725075,0.01224458,-0.004202134
0.272308,0.01227736,-0.004237297
0.2720152,0.01215428,-0.004206979
0.2716742,0.01214617,-0.004192475
0.2713881,0.01212186,-0.004178094
0.2710621,0.01201332,-0.004180961
0.2708658,0.01196176,-0.004083418
0.2704953,0.01194984,-0.003997565
0.2701349,0.0119068,-0.003830027
0.2698761,0.01183379,-0.003634679
0.2695118,0.01170993,-0.003258225
0.269151,0.01163924,-0.002916937
0.269151,0.01163924,-0.002916937
0.2686946,0.01151562,-0.002327925
0.268599,0.01156819,-0.00203943
0.2685296,0.01167613,-0.001588742
0.2685899,0.01188701,-0.001330602
0.2681858,0.01225519,-0.001143738
0.2681934,0.01264876,-0.0008646455
0.2682364,0.0131501,-0.0005878391
0.2682293,0.01350015,-0.0003976996
0.2683791,0.01376486,-0.0002528663
0.2682371,0.014108,-9.48728E-05
0.2681978,0.0143128,-6.392163E-09
